50
1 2 202
1 3 352
1 4 854
1 5 469
1 6 720
1 7 342
1 8 559
1 9 596
1 10 741
1 11 396
1 12 628
1 13 103
1 14 603
1 15 105
1 16 792
1 17 915
1 18 353
1 19 304
1 20 99
1 21 990
1 22 511
1 23 291
1 24 886
1 25 459
1 26 309
1 27 373
1 28 511
1 29 845
1 30 748
1 31 830
1 32 887
1 33 726
1 34 793
1 35 1
1 36 543
1 37 76
1 38 916
1 39 124
1 40 614
1 41 592
1 42 795
1 43 941
1 44 110
1 45 196
1 46 177
1 47 343
1 48 625
1 49 508
1 50 281
2 3 283
2 4 510
2 5 620
2 6 80
2 7 286
2 8 736
2 9 137
2 10 666
2 11 731
2 12 587
2 13 90
2 14 26
2 15 199
2 16 318
2 17 464
2 18 787
2 19 713
2 20 254
2 21 513
2 22 865
2 23 386
2 24 291
2 25 727
2 26 400
2 27 213
2 28 464
2 29 498
2 30 560
2 31 964
2 32 18
2 33 184
2 34 824
2 35 419
2 36 454
2 37 407
2 38 423
2 39 650
2 40 354
2 41 551
2 42 456
2 43 120
2 44 725
2 45 484
2 46 737
2 47 364
2 48 688
2 49 255
2 50 82
3 4 363
3 5 438
3 6 741
3 7 805
3 8 677
3 9 533
3 10 347
3 11 948
3 12 26
3 13 548
3 14 751
3 15 3
3 16 304
3 17 572
3 18 424
3 19 131
3 20 464
3 21 155
3 22 932
3 23 309
3 24 720
3 25 888
3 26 753
3 27 171
3 28 307
3 29 350
3 30 817
3 31 79
3 32 734
3 33 425
3 34 408
3 35 759
3 36 651
3 37 855
3 38 590
3 39 113
3 40 164
3 41 775
3 42 901
3 43 662
3 44 327
3 45 918
3 46 674
3 47 324
3 48 26
3 49 480
3 50 474
4 5 613
4 6 366
4 7 69
4 8 652
4 9 810
4 10 767
4 11 318
4 12 900
4 13 276
4 14 198
4 15 25
4 16 495
4 17 324
4 18 400
4 19 313
4 20 723
4 21 160
4 22 62
4 23 706
4 24 568
4 25 903
4 26 609
4 27 951
4 28 664
4 29 681
4 30 255
4 31 271
4 32 823
4 33 436
4 34 793
4 35 248
4 36 177
4 37 279
4 38 931
4 39 792
4 40 283
4 41 131
4 42 669
4 43 114
4 44 767
4 45 883
4 46 963
4 47 96
4 48 254
4 49 390
4 50 369
5 6 215
5 7 306
5 8 882
5 9 261
5 10 1
5 11 168
5 12 618
5 13 404
5 14 466
5 15 257
5 16 507
5 17 354
5 18 49
5 19 132
5 20 128
5 21 135
5 22 551
5 23 787
5 24 172
5 25 754
5 26 100
5 27 319
5 28 897
5 29 104
5 30 571
5 31 340
5 32 886
5 33 355
5 34 1000
5 35 455
5 36 199
5 37 321
5 38 672
5 39 447
5 40 132
5 41 45
5 42 498
5 43 260
5 44 848
5 45 652
5 46 768
5 47 636
5 48 434
5 49 848
5 50 94
6 7 356
6 8 172
6 9 609
6 10 195
6 11 47
6 12 678
6 13 632
6 14 390
6 15 793
6 16 680
6 17 577
6 18 472
6 19 270
6 20 803
6 21 582
6 22 402
6 23 493
6 24 365
6 25 257
6 26 988
6 27 320
6 28 125
6 29 804
6 30 77
6 31 74
6 32 579
6 33 966
6 34 499
6 35 173
6 36 984
6 37 199
6 38 515
6 39 54
6 40 498
6 41 768
6 42 588
6 43 892
6 44 17
6 45 58
6 46 240
6 47 263
6 48 817
6 49 342
6 50 913
7 8 825
7 9 94
7 10 468
7 11 315
7 12 160
7 13 632
7 14 70
7 15 12
7 16 389
7 17 99
7 18 669
7 19 487
7 20 689
7 21 539
7 22 176
7 23 648
7 24 569
7 25 626
7 26 837
7 27 835
7 28 386
7 29 788
7 30 697
7 31 226
7 32 279
7 33 368
7 34 318
7 35 93
7 36 773
7 37 165
7 38 432
7 39 708
7 40 275
7 41 658
7 42 686
7 43 432
7 44 133
7 45 462
7 46 751
7 47 621
7 48 191
7 49 541
7 50 529
8 9 171
8 10 854
8 11 397
8 12 584
8 13 891
8 14 625
8 15 158
8 16 877
8 17 469
8 18 205
8 19 536
8 20 840
8 21 433
8 22 864
8 23 63
8 24 992
8 25 109
8 26 2
8 27 474
8 28 811
8 29 766
8 30 500
8 31 551
8 32 719
8 33 758
8 34 840
8 35 223
8 36 565
8 37 811
8 38 35
8 39 175
8 40 52
8 41 525
8 42 551
8 43 370
8 44 334
8 45 816
8 46 102
8 47 888
8 48 302
8 49 300
8 50 881
9 10 810
9 11 840
9 12 26
9 13 106
9 14 310
9 15 225
9 16 172
9 17 389
9 18 116
9 19 627
9 20 444
9 21 938
9 22 115
9 23 920
9 24 398
9 25 147
9 26 78
9 27 473
9 28 193
9 29 47
9 30 101
9 31 10
9 32 956
9 33 376
9 34 842
9 35 979
9 36 913
9 37 510
9 38 680
9 39 642
9 40 202
9 41 317
9 42 408
9 43 998
9 44 52
9 45 672
9 46 142
9 47 255
9 48 359
9 49 94
9 50 670
10 11 577
10 12 963
10 13 204
10 14 418
10 15 89
10 16 957
10 17 188
10 18 729
10 19 214
10 20 165
10 21 689
10 22 301
10 23 733
10 24 13
10 25 104
10 26 875
10 27 586
10 28 630
10 29 312
10 30 449
10 31 847
10 32 181
10 33 188
10 34 294
10 35 514
10 36 814
10 37 152
10 38 539
10 39 874
10 40 360
10 41 380
10 42 453
10 43 130
10 44 66
10 45 171
10 46 451
10 47 405
10 48 845
10 49 25
10 50 481
11 12 431
11 13 592
11 14 491
11 15 457
11 16 173
11 17 198
11 18 486
11 19 834
11 20 150
11 21 561
11 22 654
11 23 487
11 24 605
11 25 419
11 26 829
11 27 295
11 28 95
11 29 794
11 30 554
11 31 607
11 32 222
11 33 381
11 34 26
11 35 81
11 36 191
11 37 256
11 38 634
11 39 816
11 40 671
11 41 239
11 42 664
11 43 759
11 44 914
11 45 182
11 46 139
11 47 34
11 48 636
11 49 397
11 50 481
12 13 104
12 14 93
12 15 637
12 16 923
12 17 359
12 18 832
12 19 420
12 20 863
12 21 569
12 22 770
12 23 582
12 24 183
12 25 364
12 26 460
12 27 384
12 28 865
12 29 894
12 30 327
12 31 426
12 32 985
12 33 840
12 34 568
12 35 554
12 36 812
12 37 144
12 38 163
12 39 654
12 40 150
12 41 579
12 42 579
12 43 78
12 44 501
12 45 953
12 46 919
12 47 531
12 48 323
12 49 984
12 50 704
13 14 684
13 15 366
13 16 622
13 17 878
13 18 718
13 19 475
13 20 641
13 21 217
13 22 590
13 23 826
13 24 651
13 25 3
13 26 743
13 27 898
13 28 51
13 29 233
13 30 920
13 31 519
13 32 758
13 33 610
13 34 392
13 35 469
13 36 955
13 37 86
13 38 762
13 39 991
13 40 231
13 41 641
13 42 178
13 43 477
13 44 606
13 45 256
13 46 202
13 47 229
13 48 86
13 49 314
13 50 197
14 15 626
14 16 596
14 17 173
14 18 204
14 19 958
14 20 903
14 21 136
14 22 824
14 23 561
14 24 191
14 25 10
14 26 873
14 27 320
14 28 328
14 29 658
14 30 196
14 31 179
14 32 304
14 33 431
14 34 53
14 35 184
14 36 153
14 37 431
14 38 444
14 39 929
14 40 570
14 41 984
14 42 997
14 43 919
14 44 668
14 45 487
14 46 664
14 47 335
14 48 429
14 49 459
14 50 973
15 16 293
15 17 882
15 18 598
15 19 569
15 20 642
15 21 947
15 22 994
15 23 342
15 24 168
15 25 56
15 26 291
15 27 917
15 28 171
15 29 510
15 30 684
15 31 235
15 32 593
15 33 177
15 34 332
15 35 741
15 36 413
15 37 147
15 38 912
15 39 456
15 40 418
15 41 116
15 42 125
15 43 672
15 44 971
15 45 391
15 46 409
15 47 83
15 48 331
15 49 771
15 50 742
16 17 393
16 18 364
16 19 504
16 20 374
16 21 447
16 22 297
16 23 902
16 24 549
16 25 268
16 26 694
16 27 606
16 28 789
16 29 867
16 30 473
16 31 769
16 32 975
16 33 410
16 34 518
16 35 102
16 36 956
16 37 26
16 38 380
16 39 762
16 40 637
16 41 665
16 42 493
16 43 475
16 44 787
16 45 454
16 46 470
16 47 786
16 48 959
16 49 337
16 50 308
17 18 456
17 19 770
17 20 152
17 21 565
17 22 591
17 23 348
17 24 211
17 25 640
17 26 175
17 27 711
17 28 406
17 29 965
17 30 776
17 31 773
17 32 255
17 33 367
17 34 39
17 35 413
17 36 461
17 37 800
17 38 324
17 39 465
17 40 465
17 41 302
17 42 212
17 43 345
17 44 875
17 45 849
17 46 219
17 47 179
17 48 911
17 49 45
17 50 47
18 19 390
18 20 592
18 21 755
18 22 628
18 23 328
18 24 668
18 25 133
18 26 350
18 27 292
18 28 252
18 29 2
18 30 180
18 31 262
18 32 575
18 33 693
18 34 837
18 35 579
18 36 809
18 37 638
18 38 777
18 39 274
18 40 597
18 41 997
18 42 55
18 43 686
18 44 142
18 45 614
18 46 551
18 47 789
18 48 918
18 49 457
18 50 37
19 20 153
19 21 698
19 22 319
19 23 359
19 24 243
19 25 549
19 26 957
19 27 360
19 28 485
19 29 118
19 30 60
19 31 514
19 32 22
19 33 71
19 34 563
19 35 102
19 36 962
19 37 726
19 38 220
19 39 747
19 40 672
19 41 48
19 42 592
19 43 600
19 44 943
19 45 819
19 46 683
19 47 443
19 48 846
19 49 393
19 50 157
20 21 721
20 22 56
20 23 589
20 24 982
20 25 894
20 26 654
20 27 149
20 28 332
20 29 326
20 30 227
20 31 439
20 32 515
20 33 122
20 34 742
20 35 233
20 36 871
20 37 312
20 38 428
20 39 295
20 40 503
20 41 310
20 42 833
20 43 833
20 44 872
20 45 640
20 46 31
20 47 246
20 48 858
20 49 418
20 50 169
21 22 421
21 23 556
21 24 832
21 25 366
21 26 428
21 27 913
21 28 603
21 29 337
21 30 164
21 31 105
21 32 674
21 33 626
21 34 446
21 35 514
21 36 867
21 37 473
21 38 869
21 39 966
21 40 88
21 41 417
21 42 818
21 43 890
21 44 366
21 45 924
21 46 90
21 47 413
21 48 342
21 49 724
21 50 367
22 23 317
22 24 494
22 25 326
22 26 109
22 27 245
22 28 235
22 29 166
22 30 627
22 31 855
22 32 194
22 33 777
22 34 954
22 35 762
22 36 422
22 37 219
22 38 268
22 39 1000
22 40 366
22 41 747
22 42 16
22 43 939
22 44 452
22 45 349
22 46 85
22 47 939
22 48 581
22 49 572
22 50 639
23 24 250
23 25 272
23 26 871
23 27 284
23 28 950
23 29 770
23 30 561
23 31 887
23 32 622
23 33 96
23 34 859
23 35 115
23 36 428
23 37 776
23 38 119
23 39 232
23 40 596
23 41 181
23 42 981
23 43 259
23 44 645
23 45 561
23 46 950
23 47 453
23 48 861
23 49 562
23 50 517
24 25 826
24 26 24
24 27 659
24 28 790
24 29 30
24 30 630
24 31 848
24 32 448
24 33 261
24 34 406
24 35 798
24 36 416
24 37 618
24 38 91
24 39 908
24 40 536
24 41 200
24 42 239
24 43 42
24 44 43
24 45 245
24 46 651
24 47 470
24 48 15
24 49 951
24 50 883
25 26 741
25 27 278
25 28 624
25 29 402
25 30 541
25 31 838
25 32 636
25 33 275
25 34 74
25 35 814
25 36 447
25 37 331
25 38 323
25 39 907
25 40 496
25 41 213
25 42 448
25 43 932
25 44 571
25 45 442
25 46 604
25 47 941
25 48 492
25 49 372
25 50 867
26 27 272
26 28 836
26 29 611
26 30 620
26 31 236
26 32 583
26 33 900
26 34 459
26 35 689
26 36 344
26 37 217
26 38 636
26 39 848
26 40 124
26 41 624
26 42 871
26 43 824
26 44 463
26 45 403
26 46 838
26 47 796
26 48 803
26 49 559
26 50 325
27 28 393
27 29 306
27 30 336
27 31 62
27 32 920
27 33 745
27 34 79
27 35 361
27 36 642
27 37 902
27 38 692
27 39 246
27 40 876
27 41 1
27 42 14
27 43 908
27 44 266
27 45 239
27 46 691
27 47 212
27 48 847
27 49 755
27 50 789
28 29 340
28 30 639
28 31 272
28 32 973
28 33 230
28 34 41
28 35 580
28 36 172
28 37 749
28 38 126
28 39 726
28 40 875
28 41 299
28 42 316
28 43 50
28 44 803
28 45 446
28 46 449
28 47 958
28 48 827
28 49 928
28 50 233
29 30 705
29 31 137
29 32 357
29 33 163
29 34 292
29 35 771
29 36 237
29 37 320
29 38 704
29 39 294
29 40 316
29 41 323
29 42 163
29 43 366
29 44 967
29 45 306
29 46 643
29 47 838
29 48 477
29 49 133
29 50 75
30 31 569
30 32 937
30 33 730
30 34 195
30 35 800
30 36 786
30 37 899
30 38 866
30 39 509
30 40 690
30 41 118
30 42 723
30 43 441
30 44 284
30 45 502
30 46 873
30 47 389
30 48 994
30 49 881
30 50 528
31 32 122
31 33 224
31 34 43
31 35 514
31 36 548
31 37 175
31 38 979
31 39 980
31 40 705
31 41 560
31 42 198
31 43 856
31 44 921
31 45 60
31 46 154
31 47 630
31 48 431
31 49 806
31 50 79
32 33 457
32 34 904
32 35 982
32 36 504
32 37 345
32 38 449
32 39 721
32 40 976
32 41 308
32 42 519
32 43 782
32 44 520
32 45 966
32 46 371
32 47 310
32 48 379
32 49 513
32 50 674
33 34 373
33 35 323
33 36 525
33 37 982
33 38 71
33 39 441
33 40 915
33 41 501
33 42 100
33 43 121
33 44 5
33 45 993
33 46 265
33 47 619
33 48 260
33 49 8
33 50 834
34 35 309
34 36 463
34 37 863
34 38 152
34 39 110
34 40 951
34 41 576
34 42 887
34 43 426
34 44 722
34 45 485
34 46 197
34 47 328
34 48 839
34 49 495
34 50 505
35 36 501
35 37 885
35 38 101
35 39 612
35 40 862
35 41 630
35 42 330
35 43 442
35 44 202
35 45 764
35 46 185
35 47 153
35 48 191
35 49 54
35 50 671
36 37 934
36 38 197
36 39 827
36 40 849
36 41 272
36 42 280
36 43 565
36 44 528
36 45 399
36 46 190
36 47 13
36 48 465
36 49 133
36 50 155
37 38 287
37 39 487
37 40 412
37 41 512
37 42 208
37 43 190
37 44 482
37 45 551
37 46 114
37 47 68
37 48 658
37 49 618
37 50 897
38 39 257
38 40 848
38 41 219
38 42 142
38 43 790
38 44 489
38 45 992
38 46 768
38 47 16
38 48 4
38 49 272
38 50 885
39 40 781
39 41 794
39 42 319
39 43 830
39 44 407
39 45 681
39 46 239
39 47 219
39 48 816
39 49 850
39 50 279
40 41 701
40 42 850
40 43 368
40 44 885
40 45 354
40 46 883
40 47 890
40 48 104
40 49 353
40 50 447
41 42 212
41 43 457
41 44 889
41 45 937
41 46 525
41 47 238
41 48 950
41 49 771
41 50 445
42 43 432
42 44 778
42 45 365
42 46 926
42 47 409
42 48 31
42 49 697
42 50 243
43 44 209
43 45 807
43 46 271
43 47 206
43 48 584
43 49 418
43 50 462
44 45 907
44 46 91
44 47 284
44 48 532
44 49 470
44 50 182
45 46 19
45 47 287
45 48 55
45 49 126
45 50 474
46 47 515
46 48 784
46 49 307
46 50 730
47 48 108
47 49 252
47 50 89
48 49 243
48 50 937
49 50 461