4,10026
5,92
18,5026
20,10032
21,970
21,10034
23,24
24,25
25,15031
27,2549
29,35
33,2554
34,1308
34,5018
38,3778
41,10051
47,50
54,61
54,686
64,10068
77,10065
80,227
89,716
108,5100
111,5285
114,115
117,276
120,122
123,757
124,448
129,134
144,258
146,10084
150,1099
153,1104
153,10173
155,10158
159,505
160,5163
162,165
162,489
163,1413
179,2701
180,5033
181,1433
185,191
188,190
190,5286
190,10187
194,10202
196,270
197,1449
198,199
204,208
206,207
207,227
212,808
217,5228
221,10218
224,549
230,874
234,251
235,243
237,580
237,879
261,262
261,911
264,2763
270,291
274,277
279,280
280,5255
286,287
301,1544
303,617
303,2795
315,316
315,319
316,319
319,364
325,2823
331,1574
332,5353
334,5338
339,5438
340,1735
341,342
344,345
344,422
348,349
352,353
354,10314
357,358
357,510
360,361
363,371
369,450
376,5392
391,470
391,543
394,395
404,10395
407,5345
422,423
422,2917
425,1045
426,2317
427,5449
430,434
431,2321
438,1058
438,11062
447,1673
448,1675
451,610
452,5472
455,635
455,5136
462,465
468,10443
474,1706
476,5489
476,10451
477,5151
483,5502
489,5510
490,520
490,568
490,3587
492,1801
495,2983
500,10527
509,512
511,512
511,2997
517,5533
518,1749
521,1753
529,530
530,634
531,1151
535,1152
542,1163
545,546
547,5562
549,550
551,552
555,3045
558,1181
560,10544
563,568
566,597
571,572
586,587
586,594
590,5601
596,1197
600,601
601,602
605,614
610,10591
614,1242
615,616
616,3101
618,630
620,1847
632,6282
636,637
644,964
647,722
653,962
656,15635
657,969
669,670
670,1984
672,1896
675,747
682,684
683,685
684,845
692,10653
694,712
694,5735
699,5719
700,701
709,5711
712,5735
715,5739
717,718
721,5773
724,10687
726,3202
727,728
730,5758
732,15711
743,3223
746,749
750,768
752,5934
763,10737
769,5141
775,3264
789,792
793,854
794,795
796,2028
805,855
817,2040
819,11138
821,901
833,2053
835,836
846,858
848,5863
856,8346
873,1017
874,1169
887,1213
889,893
889,2116
897,898
898,5268
916,920
917,919
921,10845
924,5943
926,927
926,1238
933,3410
933,5876
941,1255
945,1256
945,13418
947,948
950,1102
955,5981
961,2213
962,5985
968,1040
979,3607
982,1119
989,3474
993,4737
996,997
996,1002
996,1007
997,10973
1002,1007
1008,1058
1016,3484
1018,1174
1019,1020
1030,3516
1038,11036
1039,3531
1043,5445
1054,6071
1058,11062
1059,6086
1065,1077
1070,1229
1079,2348
1086,1087
1096,2361
1098,2362
1098,6127
1101,1178
1108,2367
1108,3584
1109,11112
1115,1189
1116,1131
1117,1118
1119,3589
1122,6155
1127,11141
1138,1157
1143,1150
1149,1169
1150,1153
1152,11173
1160,6195
1174,6288
1178,1184
1180,1194
1180,3647
1189,11202
1209,3725
1212,1256
1218,6254
1218,7485
1220,1237
1225,1229
1225,2498
1228,1232
1229,2498
1234,11205
1236,1238
1240,2523
1244,1844
1246,1258
1258,1262
1258,3735
1261,3707
1262,3735
1263,2520
1269,11283
1275,1276
1278,1873
1286,1287
1286,1561
1286,6312
1292,1293
1308,11914
1328,1329
1332,5062
1342,1369
1345,11294
1353,1354
1353,1355
1355,1652
1358,1661
1361,1367
1361,1395
1366,6400
1367,1395
1372,11383
1373,1527
1375,1993
1376,1377
1380,2159
1385,2344
1388,1396
1389,1390
1389,11341
1398,6452
1404,4206
1405,11415
1408,6465
1411,1412
1414,6478
1416,1419
1422,3895
1425,2027
1427,1501
1436,11494
1437,1438
1440,2054
1444,1446
1450,1454
1468,1532
1469,1538
1471,2078
1496,1502
1496,11554
1500,2130
1515,12154
1520,10275
1521,1523
1522,1523
1526,2170
1530,1531
1530,11562
1531,11560
1541,2171
1546,4043
1558,1578
1564,1588
1572,1717
1575,2830
1577,2211
1588,1629
1603,11614
1607,1832
1615,1635
1616,6644
1618,1619
1618,2251
1621,6640
1627,2257
1628,4071
1638,1641
1638,4767
1640,4146
1656,2318
1666,1668
1669,1681
1680,1681
1680,1705
1686,1691
1690,4178
1692,1850
1699,2354
1701,1702
1721,6743
1724,1728
1727,1803
1727,11732
1729,1747
1743,6632
1748,1759
1748,2484
1753,1768
1755,2410
1769,1772
1769,1773
1774,1854
1775,11790
1781,1784
1784,1785
1786,1787
1788,6833
1805,4299
1807,1808
1811,1812
1817,12454
1818,6899
1823,1846
1827,2490
1831,1832
1841,1862
1846,1847
1852,6889
1856,6896
1860,1861
1861,6822
1862,2523
1863,2524
1869,1889
1880,1912
1881,6919
1894,1895
1894,11887
1896,7212
1900,1901
1906,2137
1909,2241
1920,1921
1923,2242
1928,2245
1944,12019
1950,1985
1958,2293
1967,2124
1971,1972
1981,4478
1988,2005
1993,2013
2000,12161
2004,2362
2006,2073
2009,2014
2011,12013
2015,4507
2023,2028
2023,7065
2025,2059
2026,2027
2038,12052
2040,3914
2057,2406
2057,4565
2065,2415
2065,2416
2068,2161
2068,7092
2069,2070
2069,4579
2070,2164
2075,6527
2078,12100
2081,2082
2081,7179
2090,2091
2094,2104
2096,2137
2096,4523
2096,12114
2099,2118
2099,2121
2101,2104
2102,2289
2105,4529
2107,2110
2114,12125
2116,7126
2118,2121
2121,2158
2131,2175
2131,12133
2136,3380
2138,7138
2148,2164
2154,12160
2170,2507
2171,2508
2179,2180
2180,2181
2193,2521
2193,4672
2199,11572
2214,12214
2223,2316
2234,2259
2234,4736
2235,2236
2237,2414
2241,2242
2244,12236
2246,4747
2249,2252
2254,2258
2254,11636
2255,12256
2258,2270
2259,4736
2261,12248
2262,7218
2263,3497
2265,2266
2268,2269
2268,2358
2269,2270
2275,2325
2275,4765
2286,2287
2291,2314
2292,2303
2294,2295
2294,2296
2295,2296
2299,2300
2303,2304
2306,7291
2313,2314
2315,2353
2317,4789
2324,2325
2325,7316
2327,2498
2340,12313
2345,2349
2352,2360
2355,2359
2359,3573
2359,7352
2373,2415
2390,2391
2394,2395
2397,2401
2400,2401
2407,2411
2410,2412
2413,2515
2415,2416
2416,2503
2419,4900
2429,7430
2435,4757
2446,2447
2462,2464
2469,3667
2486,2495
2490,12467
2493,12479
2496,4972
2510,2513
2510,6269
2518,12488
2519,4671
2525,3430
2526,3744
2529,3128
2530,2809
2534,2823
2536,12508
2541,13147
2549,7556
2552,5034
2561,2563
2563,4415
2564,3470
2566,3163
2576,2582
2589,3042
2590,10086
2596,2613
2599,3202
2600,3206
2601,2602
2605,2606
2608,2657
2612,3218
2613,2660
2613,7635
2616,2617
2618,12586
2619,2621
2621,3222
2625,2668
2631,2657
2639,2642
2641,12610
2645,2665
2659,12623
2660,4189
2660,7635
2660,7676
2670,2671
2670,3272
2676,7709
2679,12500
2688,7705
2690,2749
2693,2753
2695,12690
2696,3301
2700,12659
2705,2798
2708,3786
2719,7816
2723,3024
2728,2729
2728,3959
2729,2784
2729,3959
2739,2740
2750,7787
2772,13386
2775,7810
2778,4021
2779,2782
2782,3710
2785,3102
2787,3415
2808,4048
2810,2811
2810,2812
2811,2970
2815,2827
2822,2839
2822,3437
2826,2833
2831,2982
2831,12812
2834,2899
2836,2990
2843,12824
2850,3465
2850,12828
2851,4719
2853,12859
2855,3478
2857,3479
2864,2886
2864,2949
2877,3493
2883,2960
2885,3496
2901,2919
2902,9200
2903,3062
2906,2930
2907,3067
2918,7935
2920,7937
2930,2932
2939,2940
2940,4170
2942,2943
2955,4110
2970,2976
2970,7998
2975,4216
2976,7998
2985,2987
2996,7717
3000,3085
3002,13036
3009,8112
3017,3020
3023,4255
3050,3059
3050,3646
3051,3052
3060,3092
3063,3064
3068,13054
3099,12939
3108,13106
3116,3730
3116,3731
3121,8145
3124,3125
3145,8316
3154,4481
3154,13161
3156,3234
3160,3167
3174,3254
3177,3257
3183,13494
3189,4449
3194,13211
3198,14463
3201,13216
3210,3511
3223,3382
3225,3532
3232,13260
3235,3242
3237,3248
3242,4652
3246,3266
3250,3405
3253,3254
3263,3416
3269,3384
3282,3396
3284,3289
3284,3361
3298,4631
3311,3314
3331,3425
3344,4582
3369,3397
3372,13364
3375,8444
3375,13688
3377,13300
3377,13366
3381,3419
3390,8412
3393,3414
3408,8440
3410,3411
3422,13375
3424,3731
3426,3447
3435,13439
3440,3462
3440,3587
3440,4695
3445,3446
3446,8482
3449,3461
3455,3456
3458,3460
3459,3604
3462,3465
3462,4695
3463,3465
3465,12828
3479,3617
3482,3498
3487,13485
3495,8206
3500,4918
3502,3505
3509,3522
3513,13513
3518,3519
3524,3560
3527,8573
3530,3536
3532,3537
3544,3545
3548,4811
3548,6092
3559,4187
3561,4839
3567,4842
3570,4845
3571,3718
3580,3584
3583,4866
3585,3604
3596,3598
3597,8656
3598,13616
3612,13636
3617,3618
3619,3700
3621,8691
3623,4901
3630,3631
3636,3726
3639,3644
3647,4608
3654,13679
3656,3707
3660,3687
3666,13684
3672,3721
3677,8748
3684,3687
3684,4957
3685,3686
3688,3737
3690,3704
3690,13709
3703,3706
3717,4982
3721,3723
3728,4994
3730,3731
3732,3738
3735,3738
3738,5002
3741,3742
3743,13754
3748,4135
3750,3752
3755,13821
3762,3906
3774,3777
3774,8832
3780,4408
3787,3788
3795,3798
3801,3802
3801,3913
3803,3962
3810,4424
3813,4095
3823,4134
3825,3986
3828,3829
3828,4140
3830,4459
3843,13848
3863,4176
3864,4179
3864,13828
3866,8927
3872,3874
3888,3900
3890,4252
3894,4213
3903,13996
3906,4298
3915,3923
3924,13944
3925,3926
3931,4248
3936,8982
3960,3967
3968,4276
3991,4297
3993,14622
3996,9040
3997,4006
3998,4318
4000,4630
4005,4006
4011,9055
4017,4018
4018,11544
4020,4041
4028,4033
4031,14034
4032,4041
4034,4359
4042,4043
4052,4058
4053,8810
4062,4063
4072,4108
4074,4242
4080,4720
4080,9158
4089,4733
4090,4254
4090,4256
4098,4106
4101,4263
4107,4122
4117,4206
4117,4274
4118,9138
4125,4763
4130,4166
4131,4770
4139,14137
4140,14141
4141,9206
4155,4198
4156,9224
4161,4163
4162,4163
4166,4334
4173,4341
4178,4817
4186,4191
4191,4271
4192,4205
4193,4194
4200,9265
4205,9270
4215,4227
4215,4877
4222,4223
4229,4232
4248,4266
4248,9148
4254,4256
4257,9343
4264,9352
4283,4287
4307,9041
4311,4357
4326,4327
4326,14330
4332,4925
4335,4349
4342,4343
4342,9399
4343,4346
4345,4972
4345,19291
4360,4998
4369,4685
4372,4689
4373,9428
4378,13136
4379,4380
4381,4461
4381,4519
4387,4388
4392,4412
4409,4703
4410,4413
4410,14415
4411,4431
4415,4416
4421,4735
4426,4449
4433,4586
4434,4440
4443,4513
4461,14470
4462,4466
4468,4469
4470,4471
4489,4512
4499,4500
4507,4509
4507,9568
4519,4853
4531,4636
4533,4536
4539,7066
4544,9594
4545,4550
4547,9598
4551,4553
4554,4557
4556,4561
4556,9606
4561,4562
4571,4572
4578,4594
4582,14582
4586,4587
4598,4599
4599,4668
4609,9677
4615,4617
4616,8381
4619,4671
4643,4961
4658,4667
4660,4668
4668,9685
4675,4678
4680,4681
4683,4684
4685,4859
4689,4690
4690,4692
4691,4710
4693,4699
4696,4703
4699,4701
4710,4755
4713,9824
4713,14700
4714,4887
4722,14731
4724,4740
4731,4753
4737,4757
4739,4746
4741,4742
4742,12233
4743,4900
4753,14759
4754,4839
4768,14128
4776,4812
4777,4778
4785,14779
4791,14723
4792,4795
4792,7302
4796,5001
4798,4799
4805,9808
4810,4967
4811,4813
4812,4813
4818,7328
4822,4826
4823,12320
4824,4851
4825,9559
4840,19807
4854,4858
4863,4937
4863,9880
4878,4880
4885,4907
4892,4902
4897,4898
4899,9918
4915,9934
4930,4949
4936,4937
4936,4939
4936,14944
4937,4939
4959,14342
4967,4968
4982,4983
4984,14996
4990,4992
5002,10006
5004,5022
5004,5161
5010,5704
5012,5192
5014,5355
5015,5348
5022,5667
5024,5030
5043,5111
5045,5054
5048,5063
5049,5210
5049,6353
5059,5072
5059,5241
5062,5724
5063,6368
5070,5071
5070,5728
5072,5241
5077,5080
5080,5092
5080,5745
5081,5125
5092,5445
5092,5745
5096,6396
5105,5284
5118,5292
5121,5132
5131,5145
5147,5152
5162,5173
5162,17609
5166,5515
5167,5510
5172,6146
5180,15247
5184,5839
5189,5190
5208,6510
5209,5861
5210,7751
5215,5216
5222,5875
5230,5231
5232,5888
5238,6529
5240,5242
5242,8364
5247,15232
5249,15235
5250,5267
5251,5576
5251,5904
5253,5922
5256,5257
5257,5260
5258,15241
5262,6544
5262,7781
5263,5266
5270,7711
5276,7795
5280,5607
5283,5611
5290,5536
5292,6600
5294,5622
5298,7807
5302,5304
5302,7817
5303,5630
5307,6589
5308,6601
5324,5325
5326,5327
5330,5331
5339,5343
5343,5384
5350,15953
5354,5371
5359,5360
5365,5369
5377,5378
5379,5404
5382,5383
5385,5392
5389,5390
5390,6014
5399,5401
5405,5415
5406,16006
5407,5554
5412,7903
5418,5436
5422,15391
5423,6673
5425,5578
5427,5429
5431,7925
5433,5434
5433,5443
5440,5593
5441,5448
5458,6084
5460,5462
5462,7950
5468,6645
5468,7957
5469,5472
5469,7880
5483,15443
5489,16082
5490,5491
5492,8009
5495,7988
5496,5513
5510,5511
5512,5513
5515,6152
5518,8024
5519,6760
5522,5524
5527,5614
5549,5636
5549,6195
5558,8047
5563,5564
5575,5621
5582,5630
5590,5591
5595,5596
5597,8091
5609,8102
5627,5630
5632,6229
5646,6287
5655,8150
5656,5820
5658,6911
5660,5750
5663,5827
5664,15652
5666,15636
5672,5677
5684,5730
5688,15634
5689,5852
5691,6176
5692,5700
5692,6013
5695,5777
5719,5877
5719,6970
5730,5891
5730,5892
5737,5752
5741,6048
5744,5904
5747,5807
5750,6056
5759,15704
5762,6979
5770,15717
5771,8286
5788,7015
5794,8269
5800,6120
5805,6125
5813,5962
5815,5963
5815,6124
5821,5822
5824,5826
5825,6161
5838,10786
5840,8316
5841,15799
5845,5923
5847,5884
5847,8357
5853,8330
5861,15823
5864,5866
5872,6148
5872,15833
5873,6520
5879,5880
5881,5949
5882,7103
5883,8355
5884,8357
5885,5886
5891,5892
5892,5896
5892,5961
5894,5964
5900,5905
5907,5923
5921,6235
5938,8432
5944,8411
5946,5965
5968,6044
5972,5973
5972,6017
5974,5975
5974,5979
5977,6016
5981,8465
5985,7198
5992,6068
5995,17160
5997,5998
5997,6003
5997,6159
5998,6003
6008,8503
6012,6088
6017,6034
6023,7241
6034,8533
6048,6053
6049,6050
6053,6065
6057,6094
6060,6061
6062,6079
6064,8565
6080,6081
6090,6257
6091,8268
6093,6263
6101,7019
6106,7333
6114,6286
6120,6287
6129,6130
6136,6147
6140,7374
6142,6143
6144,7377
6158,6270
6158,8666
6159,16088
6159,16107
6165,7400
6166,8321
6174,6176
6175,6187
6185,8686
6202,11187
6204,6280
6205,6241
6211,16163
6217,6218
6217,6219
6219,6229
6221,8639
6222,6223
6225,6228
6226,15549
6228,16185
6232,16188
6249,6250
6254,7485
6261,6873
6290,6300
6290,6302
6298,6380
6300,6301
6300,6302
6305,6325
6305,16243
6309,6634
6314,16252
6322,6528
6336,6510
6342,6648
6352,6434
6367,6445
6369,6447
6374,6382
6377,16305
6382,6581
6382,6677
6391,6558
6403,6405
6407,6418
6415,6425
6423,6434
6430,6432
6432,6433
6433,6434
6442,6444
6446,16368
6447,6448
6449,6719
6471,6472
6471,6496
6476,6749
6491,6499
6509,6511
6516,6517
6517,6821
6518,16727
6521,6522
6533,16517
6535,6823
6535,16463
6537,16383
6540,6546
6542,7776
6554,6601
6556,6569
6562,9050
6565,16470
6566,6570
6576,6602
6581,6584
6592,7169
6601,16506
6604,6608
6604,9093
6606,6610
6616,6743
6616,6745
6617,9738
6633,7219
6634,16552
6644,6794
6648,6662
6650,6651
6656,9167
6668,6678
6678,9202
6685,6687
6685,6844
6686,9220
6687,6689
6687,6844
6688,6689
6695,9132
6702,16631
6711,16648
6712,16651
6715,6716
6727,16642
6732,9267
6743,6744
6743,6745
6744,6746
6745,6746
6749,6753
6753,6774
6755,6757
6762,6766
6771,9140
6778,6786
6779,9324
6784,16714
6791,6794
6796,6797
6806,6809
6808,16736
6812,6817
6815,6816
6828,6846
6835,9375
6846,9300
6848,6850
6855,6859
6875,9343
6877,6878
6889,9354
6908,6909
6910,6912
6920,6963
6920,6993
6921,7247
6928,7204
6949,7081
6954,7103
6954,7230
6958,7013
6964,6977
6966,9480
6979,6980
6983,6990
6996,7129
7018,7160
7021,7167
7036,7183
7037,7345
7049,17290
7052,16984
7063,17021
7065,7074
7065,17000
7075,7076
7075,9606
7077,7109
7085,7104
7089,7092
7096,7145
7097,7098
7108,7110
7114,7135
7116,7121
7117,17057
7138,7477
7144,7171
7144,9700
7148,7151
7152,7492
7156,9990
7161,17107
7164,7166
7167,9630
7168,7169
7170,7179
7177,9721
7177,17122
7179,7180
7179,7519
7180,7181
7180,7516
7187,17132
7199,7380
7211,7297
7224,9760
7233,9772
7233,17179
7239,7264
7241,17192
7246,17194
7249,9783
7251,7334
7271,9831
7288,9847
7292,9816
7294,9826
7301,7302
7303,7304
7305,7312
7317,17237
7318,7327
7324,7489
7327,7495
7332,7341
7335,7347
7337,7338
7348,7349
7360,7407
7360,7408
7361,7378
7370,7371
7378,7421
7383,9882
7388,7436
7395,7396
7406,7411
7407,7408
7407,9903
7416,12393
7423,7424
7429,7433
7436,17343
7445,7446
7446,17356
7451,17408
7452,7455
7453,7454
7458,9951
7460,7465
7494,7498
7496,7497
7508,7513
7512,7513
7512,7521
7514,17387
7521,7523
7524,8800
7525,7840
7526,7530
7529,8149
7529,17442
7551,7553
7557,7558
7557,8175
7558,8175
7559,7560
7560,7578
7560,7896
7569,17453
7578,7896
7579,7581
7592,8530
7595,7599
7601,8870
7603,7898
7604,7608
7612,17523
7613,8216
7615,7913
7633,8245
7635,7676
7640,7641
7640,7719
7642,7643
7642,7801
7645,17555
7650,7670
7654,8218
7655,7672
7657,7658
7669,7966
7672,7678
7673,8284
7673,8935
7675,7676
7683,17588
7694,8300
7697,7703
7712,7713
7717,17621
7718,17634
7725,7803
7734,7735
7739,8043
7739,8341
7740,18898
7744,7781
7745,7746
7754,7756
7759,9018
7762,8030
7768,8301
7769,7770
7782,7783
7785,17740
7799,17688
7802,17639
7811,7816
7812,7813
7839,7870
7842,9105
7844,18400
7848,7849
7850,8004
7851,17452
7852,8475
7854,7862
7854,8484
7855,7856
7864,17764
7874,7883
7875,7876
7884,17798
7901,7906
7906,17826
7907,7908
7907,7929
7909,8071
7909,9193
7913,8068
7913,12888
7915,17835
7928,7929
7934,7971
7945,7946
7953,7965
7966,7967
7970,7979
7973,17816
7979,8620
7990,8072
7991,8034
7992,9280
7998,8048
7999,15471
8012,8051
8032,8036
8032,8043
8036,8115
8038,8056
8040,8686
8043,9340
8044,8991
8047,8123
8048,8049
8051,8056
8052,8054
8062,8144
8063,8064
8063,9020
8063,17993
8064,17993
8066,17995
8071,9193
8076,9372
8077,8118
8079,8716
8084,8088
8086,8090
8093,9388
8111,8756
8115,18037
8121,8131
8124,8126
8151,8247
8176,8320
8201,18116
8205,8209
8211,8363
8212,8213
8212,8356
8217,8218
8220,8221
8220,8222
8221,8222
8221,18304
8230,8232
8231,8233
8238,18146
8250,9530
8252,8255
8260,9539
8273,8437
8281,8282
8302,9579
8303,8304
8305,8347
8314,9593
8319,8324
8322,8323
8323,8398
8323,8706
8344,8691
8344,9919
8361,15845
8365,8451
8374,8382
8376,8377
8376,8423
8377,8423
8382,8383
8384,8387
8393,9678
8394,8743
8397,8398
8402,18321
8405,8407
8412,8428
8413,8414
8416,18360
8417,8418
8417,8421
8422,9987
8440,8441
8447,9725
8455,8481
8456,8547
8457,8458
8459,8504
8477,9736
8488,8574
8488,18418
8491,8660
8494,8673
8496,18092
8497,17786
8516,8517
8519,8520
8522,18441
8524,9776
8544,8585
8544,9798
8546,8586
8548,8716
8554,16017
8554,18473
8563,19756
8569,18532
8575,8744
8582,8795
8584,8589
8584,9830
8597,8772
8597,18520
8606,8607
8615,18203
8619,9794
8621,8622
8637,8673
8644,8645
8645,8694
8658,8685
8658,18580
8661,18575
8668,8669
8672,8673
8675,18589
8677,8757
8680,8701
8683,8684
8689,8695
8691,9919
8697,9353
8702,8781
8707,8712
8722,8767
8729,8730
8733,9381
8733,9998
8735,8736
8741,8742
8754,8772
8762,8793
8767,8785
8768,8769
8769,8770
8771,18666
8773,8778
8773,18671
8789,18545
8798,9427
8800,9424
8804,8826
8807,18717
8815,8859
8820,9120
8822,9296
8823,8833
8831,18723
8832,8834
8848,8868
8852,8887
8860,8863
8860,8922
8861,8998
8867,8931
8877,8951
8882,9196
8884,8885
8904,8946
8904,18808
8920,8921
8925,8926
8936,8946
8943,8944
8944,16373
8947,8950
8953,19172
8955,18848
8962,8976
8969,8975
8972,8976
8973,9048
8984,9701
8987,9001
8994,8995
8998,8999
9000,18906
9008,9083
9011,9084
9026,9052
9027,9073
9027,9374
9030,9058
9041,9067
9044,9682
9048,9049
9057,9094
9057,18947
9078,9092
9079,9080
9082,9083
9098,9726
9101,14046
9107,9153
9107,9173
9116,9253
9117,9141
9120,9121
9122,9133
9132,19039
9137,19044
9143,9144
9144,19123
9153,9173
9169,9170
9172,9175
9195,9196
9226,9227
9245,9246
9249,9254
9261,9262
9265,9857
9266,9272
9276,9280
9277,9294
9280,9385
9280,19181
9282,9331
9286,9290
9289,14224
9303,19206
9306,9309
9308,9309
9308,9386
9310,9314
9314,9315
9320,9890
9322,9323
9331,9344
9334,9335
9349,9357
9381,9998
9388,9390
9389,9393
9403,9708
9422,9727
9426,9427
9431,18699
9434,9437
9443,9444
9446,9883
9453,9787
9456,9457
9460,9462
9464,9605
9469,9472
9472,9765
9473,9542
9473,9617
9474,9615
9509,9510
9509,9814
9518,9520
9529,9530
9546,9549
9547,9556
9551,9567
9557,19466
9560,19471
9565,19389
9567,9571
9575,19491
9576,9617
9579,9875
9584,16995
9592,9637
9596,9597
9599,19530
9600,19835
9602,9608
9611,19537
9613,9623
9630,9631
9636,9637
9637,9644
9637,9903
9641,9649
9649,19585
9676,9686
9680,9719
9681,9691
9682,9684
9683,9695
9694,9728
9708,19638
9725,19584
9732,9874
9745,19674
9751,9825
9751,9858
9758,9897
9761,9774
9764,9767
9774,9844
9775,14743
9782,19069
9784,9790
9785,9927
9806,9943
9810,19754
9818,9825
9819,9820
9824,9828
9825,9858
9836,19787
9837,9838
9846,9992
9851,19804
9855,9859
9865,18547
9870,9905
9879,19908
9883,9960
9887,19519
9892,9893
9895,9896
9916,9917
9921,9922
9932,14914
9932,19882
9944,9956
9947,9961
9949,9970
9988,9990
10011,10159
10015,10016
10015,12501
10019,10021
10019,10063
10023,10310
10028,10041
10029,10172
10030,10173
10031,10090
10032,10081
10040,10043
10040,10183
10043,15070
10045,10083
10047,10107
10047,15656
10048,10051
10055,15037
10061,15050
10063,15065
10064,11388
10064,12549
10068,10360
10068,11338
10068,15046
10079,10112
10080,11352
10081,10831
10082,10113
10082,12567
10087,10383
10089,10090
10095,10386
10101,10405
10101,15088
10104,12591
10112,11056
10117,10384
10118,10266
10127,10129
10127,10712
10140,10141
10140,12600
10145,10150
10149,12616
10151,10296
10151,10762
10152,10153
10158,10499
10166,10167
10169,11431
10170,10818
10178,15176
10179,10218
10213,12682
10221,12683
10222,15227
10242,10286
10243,12732
10256,10257
10256,11536
10257,11536
10258,13378
10265,10267
10272,15273
10277,15282
10279,10892
10288,13410
10289,11564
10290,10291
10299,13427
10300,11577
10307,11585
10315,10359
10316,10928
10316,10933
10319,10361
10323,10492
10324,15481
10371,10382
10385,11669
10387,11028
10396,11025
10401,10415
10403,11592
10408,11035
10413,12908
10422,10424
10429,15344
10430,12920
10436,11078
10440,15442
10441,10443
10446,10453
10468,15470
10469,12970
10473,11127
10475,10520
10481,10482
10482,11600
10491,10568
10493,11145
10497,10501
10499,10510
10500,11766
10507,10512
10518,10519
10518,10520
10519,10520
10520,11632
10525,10526
10526,10530
10532,11185
10544,11726
10565,11831
10573,10574
10577,13098
10584,10594
10587,12924
10600,10603
10601,14373
10602,15595
10618,16833
10622,10634
10625,10635
10627,10640
10640,10641
10647,13185
10661,10665
10663,13199
10666,10992
10672,15684
10676,13275
10690,10736
10691,10692
10694,15721
10695,10696
10700,15696
10703,11970
10704,10706
10711,16045
10712,10713
10712,11984
10719,11987
10720,11951
10721,10736
10726,13252
10732,10733
10735,10890
10746,10758
10749,12014
10751,11086
10754,10914
10754,11093
10763,10771
10769,15816
10770,10773
10780,10781
10802,15807
10808,10880
10811,15822
10816,10900
10817,10896
10821,15795
10833,10834
10851,12125
10852,12128
10859,10860
10867,11218
10870,15885
10874,10875
10891,13398
10909,11242
10926,10971
10928,10933
10938,11041
10944,13450
10955,10958
10955,11066
10958,11066
10966,14742
10968,10969
10971,11007
10979,10981
10986,11002
10987,10989
10990,11175
10993,11010
10995,11093
10995,16004
10996,12247
10997,16006
11000,11003
11001,11002
11003,11188
11006,11007
11008,11009
11010,11100
11011,16012
11012,11106
11014,13502
11015,11040
11015,15382
11042,11043
11053,11095
11055,11058
11069,13547
11078,11105
11080,11081
11080,11082
11081,11082
11083,11253
11094,16057
11101,11104
11107,11111
11107,16084
11115,11117
11135,11136
11144,12375
11148,12389
11169,11170
11171,12400
11179,13329
11182,11195
11184,12102
11203,11207
11204,16176
11205,11206
11207,11252
11213,13525
11225,12459
11232,12463
11239,13707
11240,11253
11247,11251
11250,12476
11253,11255
11254,13650
11257,18680
11271,12494
11279,11573
11282,16235
11285,11950
11286,11288
11296,11297
11303,11304
11305,11306
11306,11315
11309,11340
11310,11312
11314,11315
11317,11356
11318,11910
11320,11379
11326,14418
11329,13793
11338,11946
11340,14443
11347,11350
11347,16295
11360,11364
11361,11949
11366,12269
11380,11515
11380,13855
11387,16351
11389,11390
11391,11392
11400,16366
11405,13895
11406,16371
11413,11414
11419,12030
11426,13907
11428,11433
11431,16390
11436,16403
11437,12051
11438,12368
11442,11443
11452,11454
11459,11460
11463,11926
11469,16287
11474,11475
11476,12094
11479,11480
11479,12097
11480,11481
11483,13971
11490,11491
11495,13808
11513,11514
11526,14042
11533,12143
11534,14015
11538,11540
11545,11856
11545,16805
11548,14362
11550,12167
11559,12171
11562,11563
11571,11622
11574,11617
11577,11578
11588,14063
11590,11608
11600,11601
11613,11614
11614,14048
11640,12260
11649,14122
11658,11802
11675,11816
11676,11749
11677,12287
11687,11690
11688,11691
11690,11691
11692,12306
11692,16643
11696,11870
11700,15434
11701,14188
11706,11707
11726,19182
11727,11761
11734,12361
11735,11737
11744,11753
11749,14247
11752,11792
11754,11794
11755,12372
11757,11779
11759,11778
11763,16720
11773,12398
11775,11777
11776,11778
11790,13030
11798,11817
11802,11806
11803,11825
11817,12278
11827,12138
11829,11867
11831,11861
11835,11836
11837,13067
11844,11845
11852,11853
11853,11854
11855,16825
11856,16805
11876,11882
11882,11905
11884,11907
11885,11886
11885,14465
11887,16900
11891,16842
11893,12358
11903,11904
11903,12054
11907,12211
11908,11939
11917,16872
11917,16878
11925,14427
11949,12012
11951,14462
11954,12006
11960,12285
11962,11964
11968,11970
11968,12142
11970,11971
11983,11995
11995,11996
11997,12020
11997,12021
11999,12000
12012,12171
12013,17117
12016,17123
12017,14520
12020,12021
12025,16957
12034,12038
12047,12053
12048,12049
12058,12371
12061,12064
12062,12381
12065,12066
12073,12074
12079,12084
12081,12162
12093,12094
12093,12097
12100,12174
12104,12105
12107,12420
12124,17075
12125,14624
12132,12133
12134,12138
12140,14637
12149,17094
12157,12158
12165,12479
12171,12174
12173,12182
12193,12268
12195,12196
12199,17133
12200,12201
12207,13446
12207,17152
12223,14730
12230,12231
12231,17176
12242,12327
12244,17200
12248,12340
12281,12328
12282,12295
12290,12294
12292,12294
12292,12345
12294,14805
12299,17242
12303,12337
12305,12307
12312,12474
12315,12439
12316,17259
12317,12475
12325,12326
12331,17272
12332,12333
12334,12484
12335,14993
12340,12487
12343,17273
12344,14835
12348,12349
12355,12381
12358,12379
12359,12401
12361,14948
12370,12371
12373,14861
12374,12375
12393,14887
12411,16738
12414,14915
12435,14945
12436,14614
12436,17070
12440,12461
12455,12493
12456,12457
12459,12460
12462,12464
12480,17378
12484,14370
12496,17434
12498,12580
12503,12572
12504,13137
12509,12660
12513,12591
12513,12646
12513,17451
12518,12523
12521,12557
12521,13767
12524,12579
12530,12603
12534,13164
12535,12536
12547,12844
12556,12683
12559,12686
12559,17813
12564,12566
12566,12868
12568,17519
12571,12572
12574,12578
12574,12877
12584,13819
12591,12895
12593,12606
12599,12945
12605,12908
12609,13870
12614,17567
12617,12929
12626,13804
12628,12952
12653,12688
12662,12702
12663,13942
12681,17662
12683,12752
12683,12771
12690,18283
12706,13044
12709,13042
12712,13992
12721,14012
12735,14007
12736,12737
12739,17711
12740,12743
12741,12742
12746,14017
12748,17715
12752,12771
12762,12766
12768,12789
12770,12776
12770,12781
12774,12776
12786,12787
12792,12881
12793,12805
12795,12896
12796,12814
12798,12799
12801,12883
12802,14219
12814,12977
12820,14079
12823,13032
12828,12995
12832,12848
12838,14262
12844,13473
12845,15349
12848,17794
12852,12873
12853,17806
12855,12856
12866,18461
12867,14119
12870,13033
12879,12914
12880,17830
12885,12886
12886,12890
12887,12947
12891,17841
12893,12895
12893,14146
12894,12896
12899,13444
12900,12901
12913,12939
12922,19131
12924,13550
12929,12931
12930,17908
12953,14375
12958,12959
12964,12965
12967,12984
12977,13926
12980,13616
12994,12995
13001,13077
13034,13036
13039,14310
13050,13052
13055,14321
13064,13065
13080,13081
13081,13084
13088,13089
13094,13095
13100,13115
13101,13102
13104,13659
13108,13710
13111,13115
13115,13116
13121,13126
13154,13306
13161,13457
13164,14414
13179,13186
13182,13183
13193,13200
13200,18128
13201,13202
13210,13224
13213,14780
13229,18165
13238,13466
13258,18218
13284,18232
13290,18239
13293,13603
13295,13608
13297,13615
13300,13366
13302,13375
13308,13380
13337,13338
13341,18290
13354,13368
13355,13359
13360,14622
13368,13370
13372,13373
13389,13709
13390,13712
13391,18357
13395,14618
13397,13420
13405,13406
13418,13423
13419,13744
13428,13507
13435,13443
13436,14696
13441,14747
13451,13491
13451,13614
13451,13625
13458,13459
13471,14735
13480,18445
13484,14749
13486,18450
13490,18452
13495,13498
13503,13510
13509,13549
13513,13595
13518,18490
13522,16032
13537,18505
13538,13539
13542,13543
13551,14501
13569,13713
13581,18586
13582,13631
13588,13609
13589,13590
13603,13609
13614,13625
13619,18573
13627,13700
13629,13639
13631,14873
13631,14973
13631,17949
13635,18589
13654,13730
13678,13718
13685,13694
13686,13732
13689,13698
13704,13729
13707,18660
13711,13714
13742,13743
13753,17437
13757,13759
13770,13775
13773,14412
13773,18724
13774,14076
13775,13805
13776,13777
13787,13789
13794,13795
13795,13957
13797,18708
13798,14435
13799,13836
13800,14441
13809,13881
13810,18765
13813,17522
13824,13827
13825,13852
13832,13883
13836,13856
13840,14156
13846,13854
13853,13854
13860,13861
13862,18811
13866,13868
13870,13871
13871,19130
13878,14019
13890,18814
13893,18831
13893,18992
13902,13908
13903,13947
13915,14027
13920,13921
13928,14548
13932,13942
13932,13943
13940,13976
13942,13943
13955,13958
13966,13974
13967,13969
13977,13978
13978,13980
13997,18929
14002,14031
14017,14342
14026,14027
14028,18973
14029,14047
14033,14367
14036,14372
14036,14672
14036,18985
14036,18987
14044,14679
14047,14673
14048,14217
14051,19017
14053,14054
14060,14062
14063,19045
14064,19021
14081,14804
14083,14084
14084,14730
14085,14256
14117,14118
14118,14290
14124,14125
14144,19094
14156,14199
14165,14166
14166,14253
14172,19128
14177,14199
14185,14191
14185,19139
14187,14211
14198,19112
14204,14760
14212,14213
14216,19183
14220,14270
14221,14271
14227,14255
14228,14706
14239,14240
14243,14332
14244,14252
14258,14270
14274,14276
14298,14924
14299,14320
14300,14301
14300,14309
14314,14315
14314,14333
14314,19257
14315,14966
14317,14360
14328,19196
14329,14331
14359,14361
14359,14982
14360,14362
14360,14365
14361,14378
14361,14982
14369,14371
14372,18987
14379,14380
14388,14549
14392,14393
14407,14763
14409,14595
14418,19360
14426,14427
14427,14507
14427,14744
14433,14434
14440,14581
14444,14445
14448,14449
14452,14453
14454,14456
14465,14604
14465,19409
14469,14509
14475,19431
14477,14478
14477,14629
14485,14486
14492,18175
14494,14495
14496,14500
14506,14507
14506,14509
14512,14513
14527,19479
14539,19605
14544,14580
14548,19528
14552,14554
14552,14559
14552,18248
14554,14597
14554,19532
14556,14557
14565,14875
14568,14878
14581,14590
14591,14677
14591,19582
14601,14620
14605,14606
14610,14656
14614,14617
14614,17070
14616,19594
14622,19611
14627,14628
14629,14668
14630,19618
14640,14641
14647,14648
14652,14939
14660,14661
14660,14980
14697,14698
14703,14786
14708,14716
14709,14855
14714,14789
14718,14726
14718,14798
14719,14720
14720,19666
14726,14798
14746,14894
14748,14750
14751,14758
14751,19377
14754,14757
14771,14774
14778,14935
14781,14783
14818,19799
14820,19960
14824,19803
14828,15001
14849,14898
14858,14963
14863,14966
14873,14973
14880,14881
14885,14886
14886,14887
14889,14896
14890,14891
14908,14910
14914,19882
14921,19890
14955,14957
14987,14993
15020,15081
15025,15240
15032,15033
15033,15099
15037,15728
15046,17481
15052,15355
15056,15212
15065,15373
15071,16377
15072,15229
15079,15087
15083,15703
15097,18165
15108,17549
15113,16343
15116,15428
15117,15120
15119,15120
15125,16351
15143,15444
15154,17437
15162,15776
15165,17610
15168,15169
15171,15183
15176,15177
15180,15190
15183,15800
15183,15801
15185,15805
15186,16416
15186,17635
15187,15257
15187,16415
15191,15260
15192,15230
15198,15893
15204,16434
15206,15302
15208,16438
15210,15211
15213,15214
15213,15216
15215,15518
15217,15218
15222,16454
15224,18287
15229,15305
15231,15232
15233,15237
15245,15255
15248,15257
15257,15565
15263,15890
15276,15740
15276,17732
15290,16503
15300,16512
15302,15762
15307,15423
15309,15310
15311,15316
15317,15629
15322,15335
15333,16042
15339,15976
15343,15344
15352,15373
15353,15355
15354,16572
15360,15992
15366,15993
15368,15371
15386,15387
15392,16017
15424,16050
15429,15430
15432,17875
15439,15441
15445,15446
15449,17861
15456,16083
15458,18551
15463,15576
15467,17924
15477,16104
15490,15491
15499,15512
15499,16720
15505,15509
15514,15528
15524,16736
15528,15841
15528,16738
15529,15606
15534,15535
15541,15574
15544,15545
15544,17999
15552,16473
15554,16187
15557,15562
15564,15565
15573,15577
15632,15688
15635,15707
15635,15708
15641,15799
15642,15656
15659,15667
15660,15984
15661,15828
15707,15708
15710,15875
15712,16912
15718,15857
15729,15731
15730,15731
15734,15899
15735,15744
15736,16058
15740,15759
15748,15754
15751,15761
15752,17580
15761,16374
15766,15815
15767,15768
15767,19495
15772,18229
15778,15783
15782,15785
15784,16991
15785,15829
15791,16107
15794,18245
15800,15801
15801,15805
15807,15926
15809,15810
15814,15825
15820,15822
15822,16428
15833,15834
15838,18280
15844,15846
15848,15849
15860,18316
15876,15913
15877,18650
15885,18171
15895,15899
15895,15913
15901,15905
15906,15908
15915,15916
15923,17127
15925,16211
15928,15929
15935,15936
15937,17134
15948,18411
15951,17151
15972,16014
15982,17327
15994,16580
16004,17205
16017,18473
16021,18485
16023,16027
16030,16031
16030,16070
16035,17267
16039,16223
16047,16048
16048,16198
16054,16056
16058,16062
16070,16074
16075,17268
16078,17273
16088,16107
16092,18556
16101,18568
16110,16122
16136,16149
16143,16207
16144,18610
16147,16217
16158,18622
16161,16163
16165,18633
16170,18636
16171,16184
16172,16176
16192,16193
16195,18653
16231,17431
16236,16237
16240,16242
16240,16278
16250,16251
16250,16396
16258,16260
16262,16581
16265,16266
16270,16709
16270,18735
16274,18731
16275,16282
16281,16294
16292,16451
16294,16295
16299,16593
16307,16757
16307,18777
16323,16900
16325,16326
16338,17241
16339,16351
16345,16614
16356,18838
16360,16376
16363,16664
16366,16367
16370,16371
16383,16405
16389,16985
16391,16987
16396,16993
16398,16399
16404,16406
16407,16408
16409,18849
16412,17004
16418,17017
16431,16493
16440,17035
16447,16448
16477,16761
16485,16486
16491,16509
16493,16495
16494,16495
16496,16497
16496,16502
16497,16502
16500,16809
16512,16513
16523,16681
16530,16692
16542,16554
16544,16546
16552,17167
16554,16561
16556,16629
16556,16687
16564,16649
16572,16618
16582,16662
16584,19074
16592,16593
16592,19064
16606,16609
16614,16615
16634,19122
16636,16802
16651,16653
16653,16664
16655,16656
16663,16665
16671,16672
16677,17259
16679,16680
16682,16768
16683,19183
16697,16750
16699,17935
16709,17315
16713,19210
16722,16724
16728,16730
16743,16821
16744,16746
16752,17364
16756,16816
16757,16758
16765,16766
16765,17357
16822,16828
16829,17428
16830,17431
16835,16851
16842,17134
16857,17003
16860,16924
16869,16871
16871,16887
16872,16878
16873,19707
16896,16897
16898,19405
16906,19419
16918,16969
16921,17389
16931,16951
16934,16935
16939,16959
16942,18184
16943,16944
16949,16950
16973,19483
16976,16997
16976,17023
16997,17303
16998,16999
17006,17007
17014,17020
17031,17033
17032,17033
17049,17050
17058,19596
17076,17112
17081,17085
17082,17385
17100,17111
17102,17109
17118,17132
17120,17121
17134,17146
17143,17144
17150,17151
17159,17160
17175,17179
17176,17245
17184,17189
17185,17188
17187,17188
17188,17241
17196,17197
17199,17200
17201,17204
17222,17223
17228,17231
17243,17267
17261,17414
17272,17273
17308,17334
17332,17340
17356,17360
17362,17376
17369,17396
17369,19826
17370,17395
17375,17376
17385,19924
17411,17412
17412,18676
17419,19652
17440,17441
17443,17758
17453,17454
17465,17777
17465,17778
17467,17469
17468,17512
17469,19040
17480,17481
17487,17795
17493,17503
17494,17807
17497,17661
17498,17501
17499,17500
17499,17508
17502,18126
17506,17507
17508,18122
17509,17819
17510,17586
17515,17516
17516,17596
17518,17519
17518,17590
17524,18299
17529,17546
17535,18790
17542,17701
17544,18801
17549,17551
17552,18809
17553,19452
17560,18826
17570,17596
17573,17739
17574,17594
17583,17592
17588,17596
17649,17669
17653,18903
17660,17740
17664,17665
17667,17668
17669,17986
17681,17685
17688,17689
17694,18322
17697,17702
17701,18939
17703,18940
17704,17705
17718,17719
17725,17735
17738,17739
17739,17740
17748,17751
17774,17931
17777,17778
17794,17876
17811,17813
17812,19031
17824,17990
17839,17840
17848,17912
17850,18048
17853,17854
17858,17859
17860,17861
17869,17890
17870,19087
17875,17876
17876,19133
17879,18520
17893,17894
17897,19159
17908,17909
17937,17939
17952,18032
17953,17954
17953,17955
17956,19223
17965,17966
17972,17986
17975,17978
17977,17979
17984,18055
18002,18639
18017,18651
18018,18039
18020,18021
18023,18024
18029,18059
18033,18036
18035,18663
18036,18514
18058,18059
18061,18693
18066,18067
18098,18099
18098,18112
18106,18186
18108,18745
18117,18124
18119,18456
18126,18127
18130,18131
18132,18295
18142,18143
18155,18158
18160,19433
18161,18162
18171,18172
18177,18178
18190,18194
18190,18818
18203,18216
18208,18209
18208,18212
18217,18391
18224,18234
18228,19493
18230,19497
18233,18561
18238,18239
18238,18240
18239,19518
18241,18242
18259,18263
18259,18339
18265,18269
18268,18350
18274,18364
18297,18630
18298,18299
18302,18631
18304,18306
18324,18326
18336,18381
18353,18377
18357,18665
18365,18393
18367,18669
18371,18659
18383,18396
18413,18415
18414,18416
18428,18506
18429,18438
18430,18437
18436,18512
18437,18598
18438,18441
18438,18447
18438,18602
18440,18448
18446,18527
18470,18507
18479,18487
18494,19919
18500,18503
18518,18637
18525,18528
18538,19808
18539,18540
18551,18592
18560,18561
18560,18563
18575,18585
18580,18620
18589,18599
18600,18668
18602,18609
18639,18672
18644,18645
18687,18688
18699,18719
18700,18713
18733,18880
18748,18819
18760,19381
18780,18783
18792,19093
18808,18809
18808,18948
18809,19118
18813,18821
18814,18921
18829,19478
18830,18991
18831,18992
18835,19164
18843,18998
18845,19186
18846,18850
18847,19491
18857,18912
18860,18861
18879,19245
18888,18890
18894,19217
18895,18962
18900,18902
18904,19642
18905,18972
18915,18992
18921,19271
18922,19272
18926,19603
18934,19615
18937,18984
18939,18987
18953,18963
18955,18957
18957,19251
18968,19640
18969,18972
18972,18999
18976,18990
18982,18988
18983,18985
18984,19305
18985,18987
18994,19313
19009,19010
19012,19013
19014,19015
19016,19022
19020,19184
19027,19068
19033,19034
19041,19042
19046,19079
19059,19075
19062,19063
19066,19869
19075,19160
19078,19165
19082,19753
19085,19086
19085,19087
19086,19087
19089,19093
19090,19101
19095,19096
19103,19148
19106,19673
19108,19116
19124,19125
19144,19145
19148,19164
19149,19152
19150,19151
19165,19811
19167,19315
19177,19212
19191,19224
19197,19232
19198,19199
19198,19201
19210,19851
19216,19217
19228,19229
19233,19235
19239,19882
19249,19280
19253,19263
19279,19280
19283,19285
19290,19942
19292,19293
19305,19306
19324,19348
19327,19412
19336,19337
19347,19349
19352,19427
19359,19383
19361,19367
19364,19551
19367,19462
19368,19369
19369,19374
19373,19375
19375,19394
19385,19720
19386,19387
19395,19714
19399,19400
19404,19596
19409,19426
19425,19615
19436,19451
19438,19620
19441,19442
19447,19448
19459,19478
19465,19642
19472,19783
19490,19492
19491,19492
19493,19504
19498,19500
19520,19563
19525,19526
19530,19834
19531,19620
19556,19637
19562,19569
19564,19651
19567,19649
19592,19593
19593,19594
19608,19609
19610,19611
19610,19909
19612,19643
19620,19654
19622,19626
19640,19643
19657,19658
19663,19664
19678,19718
19681,19682
19692,19843
19694,19827
19697,19698
19698,19708
19699,19717
19699,19718
19699,19719
19717,19718
19717,19719
19718,19719
19732,19889
19734,19812
19770,19771
19774,19932
19786,19804
19792,19811
19803,19968
19805,19806
19830,19919
19832,19924
19833,19844
19845,19850
19848,19937
19871,19882
19907,19932
19921,19922
19953,19954
19960,19966