100
1 2 590
1 3 1173
1 4 1442
1 5 2274
1 6 1556
1 7 3122
1 8 2740
1 9 3601
1 10 581
1 11 729
1 12 3346
1 13 4205
1 14 2172
1 15 1419
1 16 2512
1 17 876
1 18 306
1 19 2953
1 20 784
1 21 4061
1 22 4942
1 23 4569
1 24 3135
1 25 769
1 26 2920
1 27 4023
1 28 3779
1 29 1661
1 30 2965
1 31 2996
1 32 4040
1 33 775
1 34 2447
1 35 854
1 36 3170
1 37 4828
1 38 2430
1 39 3858
1 40 1262
1 41 2310
1 42 3549
1 43 4804
1 44 4871
1 45 3472
1 46 794
1 47 2506
1 48 1989
1 49 1079
1 50 3151
1 51 3078
1 52 1441
1 53 3820
1 54 1516
1 55 2
1 56 2234
1 57 3786
1 58 2687
1 59 2609
1 60 4653
1 61 3904
1 62 896
1 63 1989
1 64 254
1 65 3595
1 66 705
1 67 4130
1 68 2728
1 69 867
1 70 4251
1 71 1732
1 72 3205
1 73 878
1 74 3020
1 75 841
1 76 3840
1 77 2152
1 78 656
1 79 4664
1 80 4639
1 81 3938
1 82 2328
1 83 2570
1 84 3465
1 85 3990
1 86 1930
1 87 4548
1 88 3911
1 89 2046
1 90 2179
1 91 1888
1 92 4666
1 93 4576
1 94 3989
1 95 1323
1 96 241
1 97 2780
1 98 3909
1 99 3284
1 100 1480
2 3 430
2 4 1867
2 5 3223
2 6 2539
2 7 4750
2 8 608
2 9 3401
2 10 4538
2 11 2787
2 12 3426
2 13 4378
2 14 4536
2 15 936
2 16 2342
2 17 2212
2 18 2505
2 19 4002
2 20 2773
2 21 2544
2 22 2021
2 23 2831
2 24 3641
2 25 1665
2 26 152
2 27 1272
2 28 3584
2 29 2219
2 30 4350
2 31 717
2 32 2449
2 33 3381
2 34 2097
2 35 3276
2 36 1124
2 37 873
2 38 1794
2 39 2024
2 40 2328
2 41 3859
2 42 721
2 43 70
2 44 4408
2 45 3465
2 46 1481
2 47 4894
2 48 799
2 49 2492
2 50 41
2 51 1108
2 52 3640
2 53 2080
2 54 3835
2 55 2811
2 56 4869
2 57 416
2 58 4608
2 59 27
2 60 4858
2 61 2992
2 62 14
2 63 4552
2 64 188
2 65 1837
2 66 4202
2 67 467
2 68 774
2 69 3075
2 70 1227
2 71 860
2 72 3941
2 73 976
2 74 2766
2 75 785
2 76 3673
2 77 4872
2 78 4151
2 79 2679
2 80 2687
2 81 3624
2 82 2937
2 83 1319
2 84 3364
2 85 4963
2 86 3327
2 87 3003
2 88 3163
2 89 1267
2 90 881
2 91 2981
2 92 3989
2 93 1098
2 94 1003
2 95 3685
2 96 1661
2 97 2955
2 98 297
2 99 3778
2 100 1369
3 4 3483
3 5 4531
3 6 2167
3 7 4167
3 8 4861
3 9 767
3 10 3459
3 11 2873
3 12 1394
3 13 4990
3 14 827
3 15 1930
3 16 3684
3 17 4342
3 18 2151
3 19 4351
3 20 1029
3 21 2682
3 22 4767
3 23 2690
3 24 353
3 25 3419
3 26 2467
3 27 3345
3 28 3203
3 29 4432
3 30 3923
3 31 2773
3 32 1505
3 33 697
3 34 4406
3 35 1808
3 36 2766
3 37 974
3 38 1031
3 39 4988
3 40 1370
3 41 2808
3 42 3891
3 43 1699
3 44 2220
3 45 4066
3 46 3946
3 47 659
3 48 2982
3 49 1391
3 50 3308
3 51 3228
3 52 549
3 53 4351
3 54 4333
3 55 1113
3 56 1767
3 57 311
3 58 358
3 59 4478
3 60 4799
3 61 1475
3 62 4468
3 63 2199
3 64 1183
3 65 3595
3 66 2268
3 67 4342
3 68 3552
3 69 4302
3 70 4681
3 71 4276
3 72 3194
3 73 4391
3 74 2302
3 75 1276
3 76 1949
3 77 1333
3 78 4584
3 79 4122
3 80 1503
3 81 3796
3 82 930
3 83 3773
3 84 2139
3 85 4356
3 86 1835
3 87 2705
3 88 2583
3 89 4346
3 90 4343
3 91 949
3 92 2071
3 93 3985
3 94 1685
3 95 1309
3 96 4488
3 97 3631
3 98 734
3 99 4562
3 100 2331
4 5 247
4 6 2336
4 7 290
4 8 2720
4 9 1210
4 10 3896
4 11 3655
4 12 2889
4 13 1824
4 14 2531
4 15 3949
4 16 451
4 17 1793
4 18 587
4 19 3515
4 20 4727
4 21 3397
4 22 4987
4 23 996
4 24 1856
4 25 2133
4 26 4968
4 27 2711
4 28 2946
4 29 32
4 30 3894
4 31 2379
4 32 3212
4 33 3617
4 34 4460
4 35 4615
4 36 4616
4 37 3454
4 38 4859
4 39 1227
4 40 2486
4 41 722
4 42 2336
4 43 602
4 44 281
4 45 1399
4 46 2083
4 47 2538
4 48 3741
4 49 2048
4 50 3794
4 51 2533
4 52 448
4 53 1691
4 54 470
4 55 4251
4 56 1715
4 57 4336
4 58 475
4 59 2004
4 60 3043
4 61 4419
4 62 314
4 63 4808
4 64 411
4 65 3357
4 66 4368
4 67 2915
4 68 245
4 69 404
4 70 4031
4 71 2323
4 72 2458
4 73 3210
4 74 2460
4 75 4627
4 76 843
4 77 1018
4 78 3781
4 79 775
4 80 2003
4 81 2802
4 82 2152
4 83 4305
4 84 2613
4 85 987
4 86 138
4 87 4449
4 88 4992
4 89 188
4 90 3140
4 91 3143
4 92 231
4 93 1424
4 94 3780
4 95 1059
4 96 1433
4 97 255
4 98 1753
4 99 3917
4 100 4762
5 6 2950
5 7 3228
5 8 1372
5 9 4882
5 10 1144
5 11 99
5 12 2994
5 13 4778
5 14 1602
5 15 995
5 16 4713
5 17 158
5 18 3648
5 19 943
5 20 469
5 21 2880
5 22 679
5 23 2503
5 24 328
5 25 3098
5 26 4623
5 27 599
5 28 3472
5 29 4837
5 30 3055
5 31 3227
5 32 1482
5 33 3610
5 34 23
5 35 825
5 36 4216
5 37 4068
5 38 116
5 39 3255
5 40 3094
5 41 3366
5 42 3501
5 43 4356
5 44 3144
5 45 4655
5 46 779
5 47 2766
5 48 1081
5 49 2713
5 50 926
5 51 2667
5 52 4235
5 53 4783
5 54 830
5 55 4052
5 56 2955
5 57 2300
5 58 1875
5 59 1407
5 60 3738
5 61 1451
5 62 704
5 63 4982
5 64 180
5 65 763
5 66 3499
5 67 1432
5 68 2527
5 69 3710
5 70 684
5 71 3364
5 72 2846
5 73 1162
5 74 2073
5 75 4701
5 76 968
5 77 1170
5 78 931
5 79 4029
5 80 4648
5 81 270
5 82 4210
5 83 1276
5 84 199
5 85 2633
5 86 2012
5 87 3781
5 88 1494
5 89 4067
5 90 4260
5 91 4822
5 92 1202
5 93 2190
5 94 2528
5 95 2842
5 96 966
5 97 3175
5 98 3660
5 99 47
5 100 3947
6 7 587
6 8 4254
6 9 3350
6 10 948
6 11 1260
6 12 4709
6 13 3861
6 14 2454
6 15 3518
6 16 722
6 17 2526
6 18 4245
6 19 2738
6 20 856
6 21 4849
6 22 3097
6 23 2107
6 24 645
6 25 184
6 26 4402
6 27 3208
6 28 1594
6 29 520
6 30 4934
6 31 3005
6 32 44
6 33 1893
6 34 810
6 35 4406
6 36 2586
6 37 1569
6 38 149
6 39 2031
6 40 485
6 41 3985
6 42 294
6 43 1826
6 44 2671
6 45 606
6 46 4131
6 47 4940
6 48 1780
6 49 4967
6 50 2560
6 51 3470
6 52 3995
6 53 3056
6 54 3052
6 55 1244
6 56 3997
6 57 4593
6 58 1706
6 59 2935
6 60 1622
6 61 3660
6 62 2268
6 63 4793
6 64 4742
6 65 1515
6 66 2131
6 67 1322
6 68 1975
6 69 1772
6 70 2060
6 71 4213
6 72 2276
6 73 4341
6 74 4763
6 75 230
6 76 182
6 77 159
6 78 3440
6 79 3209
6 80 1948
6 81 2899
6 82 188
6 83 3763
6 84 4989
6 85 561
6 86 3063
6 87 3493
6 88 3509
6 89 3626
6 90 4994
6 91 1608
6 92 3281
6 93 1076
6 94 4387
6 95 2820
6 96 3620
6 97 2934
6 98 2655
6 99 3709
6 100 1652
7 8 3074
7 9 4398
7 10 3673
7 11 1392
7 12 542
7 13 4100
7 14 3834
7 15 516
7 16 4362
7 17 4233
7 18 4845
7 19 1402
7 20 2225
7 21 3052
7 22 2885
7 23 2432
7 24 150
7 25 1223
7 26 3243
7 27 1519
7 28 3190
7 29 2655
7 30 4121
7 31 1498
7 32 1648
7 33 4294
7 34 1727
7 35 3935
7 36 3423
7 37 269
7 38 2813
7 39 4360
7 40 3045
7 41 3482
7 42 3321
7 43 1169
7 44 1123
7 45 2126
7 46 810
7 47 164
7 48 2669
7 49 4297
7 50 3499
7 51 3840
7 52 359
7 53 2255
7 54 2177
7 55 4795
7 56 91
7 57 761
7 58 326
7 59 3441
7 60 742
7 61 1861
7 62 4023
7 63 2968
7 64 1607
7 65 4263
7 66 238
7 67 2976
7 68 1953
7 69 4280
7 70 4268
7 71 4387
7 72 3010
7 73 1368
7 74 452
7 75 1274
7 76 2474
7 77 1845
7 78 1980
7 79 1697
7 80 4493
7 81 1523
7 82 1963
7 83 4470
7 84 3042
7 85 4461
7 86 2304
7 87 2691
7 88 2128
7 89 2876
7 90 1018
7 91 97
7 92 222
7 93 4369
7 94 4013
7 95 4078
7 96 640
7 97 2299
7 98 2486
7 99 3697
7 100 2294
8 9 1207
8 10 2447
8 11 3988
8 12 788
8 13 1752
8 14 4312
8 15 2539
8 16 204
8 17 3907
8 18 1633
8 19 4536
8 20 3581
8 21 2517
8 22 823
8 23 1244
8 24 3200
8 25 2367
8 26 385
8 27 350
8 28 2427
8 29 1861
8 30 4980
8 31 2864
8 32 4970
8 33 1033
8 34 3027
8 35 1750
8 36 148
8 37 2576
8 38 3336
8 39 83
8 40 534
8 41 157
8 42 1116
8 43 1401
8 44 3616
8 45 972
8 46 66
8 47 1311
8 48 4601
8 49 3408
8 50 1900
8 51 4712
8 52 810
8 53 115
8 54 2398
8 55 1007
8 56 3379
8 57 3606
8 58 2980
8 59 2025
8 60 3338
8 61 3446
8 62 782
8 63 3682
8 64 4040
8 65 1191
8 66 964
8 67 4377
8 68 1935
8 69 4408
8 70 3113
8 71 1122
8 72 3489
8 73 357
8 74 3991
8 75 3763
8 76 4127
8 77 3374
8 78 3400
8 79 2415
8 80 1640
8 81 4371
8 82 4893
8 83 450
8 84 1940
8 85 681
8 86 3936
8 87 3573
8 88 778
8 89 2141
8 90 3274
8 91 3478
8 92 214
8 93 1260
8 94 3345
8 95 4942
8 96 3840
8 97 2620
8 98 984
8 99 1052
8 100 559
9 10 3569
9 11 3486
9 12 4785
9 13 1322
9 14 1762
9 15 2420
9 16 2756
9 17 2028
9 18 3130
9 19 105
9 20 2705
9 21 3156
9 22 1497
9 23 4204
9 24 1740
9 25 4831
9 26 2518
9 27 4209
9 28 3161
9 29 2940
9 30 443
9 31 3264
9 32 3185
9 33 3909
9 34 3712
9 35 923
9 36 1937
9 37 1719
9 38 4459
9 39 4171
9 40 3488
9 41 2015
9 42 1415
9 43 308
9 44 2251
9 45 4645
9 46 1578
9 47 3197
9 48 3982
9 49 2169
9 50 3759
9 51 232
9 52 980
9 53 221
9 54 1510
9 55 803
9 56 4486
9 57 1443
9 58 3341
9 59 537
9 60 3222
9 61 3616
9 62 1452
9 63 4936
9 64 4304
9 65 2648
9 66 2140
9 67 3937
9 68 473
9 69 1816
9 70 701
9 71 4942
9 72 739
9 73 4360
9 74 270
9 75 3900
9 76 4523
9 77 415
9 78 1332
9 79 4667
9 80 4930
9 81 1609
9 82 2849
9 83 4934
9 84 3917
9 85 978
9 86 3918
9 87 862
9 88 1725
9 89 3874
9 90 4942
9 91 2990
9 92 1560
9 93 4568
9 94 1418
9 95 834
9 96 1901
9 97 610
9 98 1095
9 99 583
9 100 3284
10 11 964
10 12 879
10 13 269
10 14 2436
10 15 4198
10 16 688
10 17 4863
10 18 1168
10 19 1444
10 20 3980
10 21 1858
10 22 3529
10 23 127
10 24 4237
10 25 1629
10 26 3991
10 27 788
10 28 470
10 29 807
10 30 1237
10 31 301
10 32 207
10 33 4576
10 34 291
10 35 4946
10 36 2238
10 37 2497
10 38 851
10 39 1073
10 40 4684
10 41 3944
10 42 4572
10 43 2591
10 44 2779
10 45 2464
10 46 4318
10 47 743
10 48 2990
10 49 600
10 50 3933
10 51 3561
10 52 698
10 53 2552
10 54 4700
10 55 364
10 56 449
10 57 735
10 58 610
10 59 141
10 60 3257
10 61 4969
10 62 565
10 63 2713
10 64 4274
10 65 3568
10 66 4337
10 67 955
10 68 4315
10 69 196
10 70 462
10 71 534
10 72 559
10 73 1097
10 74 4362
10 75 3971
10 76 4579
10 77 1390
10 78 287
10 79 806
10 80 1198
10 81 1907
10 82 3344
10 83 1377
10 84 475
10 85 612
10 86 4587
10 87 4481
10 88 900
10 89 2424
10 90 2780
10 91 1266
10 92 2978
10 93 234
10 94 2788
10 95 3691
10 96 3559
10 97 1268
10 98 1518
10 99 837
10 100 951
11 12 691
11 13 3171
11 14 1722
11 15 3059
11 16 4219
11 17 3724
11 18 3262
11 19 57
11 20 4741
11 21 4680
11 22 181
11 23 3490
11 24 3268
11 25 4674
11 26 2693
11 27 2920
11 28 312
11 29 1397
11 30 1784
11 31 390
11 32 4357
11 33 208
11 34 4398
11 35 1831
11 36 2756
11 37 2292
11 38 2530
11 39 779
11 40 4502
11 41 1098
11 42 2221
11 43 3357
11 44 2219
11 45 281
11 46 82
11 47 1754
11 48 3344
11 49 4712
11 50 29
11 51 460
11 52 4876
11 53 399
11 54 1123
11 55 3745
11 56 3748
11 57 3125
11 58 923
11 59 2668
11 60 51
11 61 1704
11 62 2175
11 63 2555
11 64 2755
11 65 2361
11 66 1696
11 67 1541
11 68 576
11 69 3607
11 70 2767
11 71 3866
11 72 2991
11 73 1703
11 74 521
11 75 1444
11 76 4441
11 77 2888
11 78 4127
11 79 3423
11 80 4415
11 81 1802
11 82 375
11 83 3890
11 84 4598
11 85 4743
11 86 1755
11 87 2044
11 88 2555
11 89 3290
11 90 675
11 91 4165
11 92 52
11 93 1703
11 94 1043
11 95 1895
11 96 1783
11 97 512
11 98 1858
11 99 1809
11 100 2996
12 13 1820
12 14 2067
12 15 3626
12 16 3531
12 17 949
12 18 2050
12 19 440
12 20 4741
12 21 2703
12 22 3005
12 23 644
12 24 2376
12 25 542
12 26 3426
12 27 694
12 28 2812
12 29 1228
12 30 3366
12 31 613
12 32 4113
12 33 4368
12 34 2936
12 35 4226
12 36 4546
12 37 3457
12 38 1861
12 39 1242
12 40 3056
12 41 4789
12 42 34
12 43 2123
12 44 1490
12 45 3366
12 46 499
12 47 915
12 48 1477
12 49 1679
12 50 4451
12 51 2096
12 52 3644
12 53 1312
12 54 1020
12 55 4254
12 56 1948
12 57 1441
12 58 3768
12 59 2684
12 60 357
12 61 2848
12 62 3105
12 63 4644
12 64 2358
12 65 1857
12 66 855
12 67 1603
12 68 2106
12 69 1867
12 70 2702
12 71 1765
12 72 817
12 73 2224
12 74 2959
12 75 3846
12 76 476
12 77 1090
12 78 3019
12 79 347
12 80 2856
12 81 902
12 82 3126
12 83 1039
12 84 3603
12 85 638
12 86 2800
12 87 3178
12 88 1552
12 89 4940
12 90 999
12 91 4822
12 92 2181
12 93 606
12 94 1950
12 95 4226
12 96 893
12 97 3660
12 98 1834
12 99 3376
12 100 3833
13 14 4482
13 15 411
13 16 4516
13 17 4202
13 18 1279
13 19 1509
13 20 89
13 21 3897
13 22 180
13 23 1718
13 24 4382
13 25 2450
13 26 4712
13 27 3690
13 28 4321
13 29 3203
13 30 4834
13 31 4509
13 32 2360
13 33 2137
13 34 3248
13 35 3052
13 36 3243
13 37 871
13 38 3683
13 39 4601
13 40 1551
13 41 412
13 42 3811
13 43 1346
13 44 503
13 45 3944
13 46 419
13 47 3818
13 48 4777
13 49 2480
13 50 4755
13 51 1196
13 52 3930
13 53 325
13 54 1124
13 55 4851
13 56 3310
13 57 1781
13 58 3848
13 59 2464
13 60 3928
13 61 1272
13 62 2741
13 63 39
13 64 3324
13 65 2734
13 66 2261
13 67 810
13 68 5
13 69 2767
13 70 4743
13 71 1519
13 72 1142
13 73 831
13 74 3225
13 75 4250
13 76 2630
13 77 2906
13 78 2887
13 79 2775
13 80 2239
13 81 70
13 82 999
13 83 4955
13 84 2321
13 85 184
13 86 3947
13 87 4027
13 88 2572
13 89 1070
13 90 1002
13 91 1254
13 92 807
13 93 3974
13 94 3748
13 95 3612
13 96 2720
13 97 263
13 98 2626
13 99 2959
13 100 1644
14 15 545
14 16 2904
14 17 2506
14 18 2132
14 19 2313
14 20 2508
14 21 2075
14 22 126
14 23 3156
14 24 276
14 25 3816
14 26 913
14 27 4035
14 28 1057
14 29 1242
14 30 1967
14 31 3704
14 32 550
14 33 2661
14 34 370
14 35 1355
14 36 3687
14 37 2467
14 38 3930
14 39 1619
14 40 4766
14 41 1695
14 42 2451
14 43 2068
14 44 3283
14 45 3961
14 46 563
14 47 3500
14 48 502
14 49 95
14 50 4560
14 51 4984
14 52 3812
14 53 3271
14 54 3449
14 55 4528
14 56 1506
14 57 3549
14 58 904
14 59 4219
14 60 1549
14 61 2707
14 62 3140
14 63 3850
14 64 1560
14 65 3560
14 66 1112
14 67 1539
14 68 3598
14 69 4648
14 70 4528
14 71 1235
14 72 2308
14 73 950
14 74 2973
14 75 1686
14 76 1447
14 77 1347
14 78 4950
14 79 1895
14 80 3642
14 81 2090
14 82 3704
14 83 3874
14 84 2010
14 85 3244
14 86 1883
14 87 909
14 88 4134
14 89 3025
14 90 2223
14 91 602
14 92 2383
14 93 120
14 94 2897
14 95 2569
14 96 3101
14 97 2375
14 98 496
14 99 1187
14 100 4446
15 16 3067
15 17 268
15 18 930
15 19 4705
15 20 4763
15 21 250
15 22 1159
15 23 1934
15 24 2748
15 25 771
15 26 2795
15 27 3817
15 28 3648
15 29 2056
15 30 1822
15 31 4221
15 32 1313
15 33 818
15 34 1686
15 35 597
15 36 3034
15 37 3480
15 38 3345
15 39 1697
15 40 689
15 41 2162
15 42 577
15 43 187
15 44 1906
15 45 3576
15 46 4473
15 47 2584
15 48 3408
15 49 1484
15 50 291
15 51 3334
15 52 56
15 53 4986
15 54 2444
15 55 417
15 56 385
15 57 350
15 58 2253
15 59 4286
15 60 1747
15 61 2485
15 62 3849
15 63 1475
15 64 162
15 65 3323
15 66 3631
15 67 1296
15 68 2026
15 69 1925
15 70 613
15 71 3966
15 72 4866
15 73 1541
15 74 164
15 75 531
15 76 1432
15 77 2407
15 78 164
15 79 4996
15 80 4560
15 81 4463
15 82 1722
15 83 645
15 84 4835
15 85 658
15 86 2960
15 87 1168
15 88 1652
15 89 1628
15 90 1002
15 91 2365
15 92 1597
15 93 3707
15 94 351
15 95 2808
15 96 4285
15 97 1012
15 98 675
15 99 1886
15 100 3778
16 17 62
16 18 932
16 19 3267
16 20 1676
16 21 4111
16 22 4504
16 23 938
16 24 1032
16 25 4683
16 26 4830
16 27 278
16 28 1725
16 29 4924
16 30 3108
16 31 6
16 32 2347
16 33 735
16 34 4736
16 35 3255
16 36 4335
16 37 1928
16 38 3731
16 39 1983
16 40 619
16 41 2186
16 42 2421
16 43 1372
16 44 690
16 45 2599
16 46 3472
16 47 2328
16 48 2062
16 49 865
16 50 2238
16 51 4986
16 52 3028
16 53 426
16 54 3699
16 55 3506
16 56 3546
16 57 4535
16 58 1101
16 59 3317
16 60 4390
16 61 3051
16 62 716
16 63 3087
16 64 457
16 65 1275
16 66 1956
16 67 1549
16 68 724
16 69 3269
16 70 2138
16 71 492
16 72 1422
16 73 3765
16 74 90
16 75 3545
16 76 2406
16 77 3779
16 78 824
16 79 3413
16 80 2416
16 81 1441
16 82 4410
16 83 304
16 84 2900
16 85 3728
16 86 31
16 87 1191
16 88 2078
16 89 372
16 90 656
16 91 3689
16 92 3042
16 93 1150
16 94 873
16 95 4776
16 96 697
16 97 1955
16 98 4506
16 99 2561
16 100 631
17 18 905
17 19 952
17 20 889
17 21 4691
17 22 1932
17 23 723
17 24 2810
17 25 2941
17 26 137
17 27 926
17 28 3477
17 29 898
17 30 1780
17 31 4354
17 32 1227
17 33 125
17 34 2035
17 35 2247
17 36 4693
17 37 357
17 38 1145
17 39 4705
17 40 79
17 41 787
17 42 488
17 43 4919
17 44 1963
17 45 1322
17 46 4865
17 47 1537
17 48 3868
17 49 2935
17 50 3199
17 51 3995
17 52 4525
17 53 4477
17 54 971
17 55 139
17 56 4121
17 57 2483
17 58 2858
17 59 994
17 60 3403
17 61 1918
17 62 3239
17 63 1167
17 64 4474
17 65 1873
17 66 256
17 67 3347
17 68 331
17 69 2508
17 70 344
17 71 192
17 72 3043
17 73 4379
17 74 1168
17 75 3014
17 76 3862
17 77 546
17 78 2777
17 79 2738
17 80 4143
17 81 2571
17 82 4706
17 83 3692
17 84 3877
17 85 1151
17 86 2784
17 87 3582
17 88 2814
17 89 4736
17 90 2440
17 91 1907
17 92 4196
17 93 2631
17 94 4404
17 95 3792
17 96 4821
17 97 4639
17 98 1348
17 99 3202
17 100 3305
18 19 2444
18 20 2702
18 21 4477
18 22 3302
18 23 4286
18 24 660
18 25 2602
18 26 922
18 27 2464
18 28 3381
18 29 492
18 30 2292
18 31 1405
18 32 2090
18 33 3736
18 34 4548
18 35 3899
18 36 717
18 37 807
18 38 2532
18 39 2859
18 40 2912
18 41 2600
18 42 727
18 43 2793
18 44 3419
18 45 1378
18 46 1487
18 47 4140
18 48 1670
18 49 4934
18 50 3640
18 51 467
18 52 4945
18 53 561
18 54 2866
18 55 2976
18 56 81
18 57 888
18 58 4736
18 59 3035
18 60 3132
18 61 4768
18 62 4989
18 63 1320
18 64 941
18 65 3665
18 66 4577
18 67 1902
18 68 25
18 69 2092
18 70 3490
18 71 1516
18 72 2214
18 73 3266
18 74 4698
18 75 493
18 76 2656
18 77 1725
18 78 3342
18 79 651
18 80 4133
18 81 3656
18 82 3102
18 83 4300
18 84 3455
18 85 3461
18 86 1862
18 87 4413
18 88 232
18 89 1032
18 90 128
18 91 2033
18 92 3787
18 93 3814
18 94 4927
18 95 329
18 96 4323
18 97 984
18 98 3474
18 99 3834
18 100 1226
19 20 2669
19 21 3503
19 22 4022
19 23 792
19 24 2438
19 25 4215
19 26 3085
19 27 4412
19 28 1674
19 29 1069
19 30 2893
19 31 118
19 32 3798
19 33 1359
19 34 4392
19 35 2314
19 36 2636
19 37 3862
19 38 1420
19 39 662
19 40 1657
19 41 3885
19 42 44
19 43 731
19 44 3579
19 45 2860
19 46 4759
19 47 1435
19 48 4761
19 49 3225
19 50 89
19 51 1562
19 52 4621
19 53 3350
19 54 1677
19 55 4609
19 56 3997
19 57 4438
19 58 2036
19 59 200
19 60 3483
19 61 741
19 62 4154
19 63 2193
19 64 4689
19 65 4929
19 66 1332
19 67 239
19 68 1275
19 69 609
19 70 3258
19 71 3298
19 72 1362
19 73 4863
19 74 3057
19 75 1087
19 76 670
19 77 2572
19 78 800
19 79 457
19 80 2340
19 81 213
19 82 1922
19 83 3151
19 84 2144
19 85 4222
19 86 3112
19 87 4932
19 88 1273
19 89 1704
19 90 1726
19 91 3255
19 92 2424
19 93 1416
19 94 1312
19 95 956
19 96 2032
19 97 2138
19 98 3283
19 99 4099
19 100 185
20 21 4633
20 22 3300
20 23 3348
20 24 1617
20 25 1244
20 26 118
20 27 3278
20 28 2039
20 29 101
20 30 744
20 31 2863
20 32 3655
20 33 3023
20 34 1959
20 35 4274
20 36 2692
20 37 4961
20 38 2897
20 39 4534
20 40 3984
20 41 1949
20 42 1660
20 43 1856
20 44 2250
20 45 3799
20 46 3154
20 47 3920
20 48 840
20 49 3753
20 50 646
20 51 2595
20 52 1052
20 53 2333
20 54 678
20 55 639
20 56 4433
20 57 2455
20 58 380
20 59 2910
20 60 243
20 61 2677
20 62 3764
20 63 4261
20 64 4010
20 65 743
20 66 1625
20 67 2070
20 68 4255
20 69 1681
20 70 85
20 71 4882
20 72 1924
20 73 1659
20 74 4900
20 75 1820
20 76 1188
20 77 481
20 78 2812
20 79 1760
20 80 3979
20 81 59
20 82 4805
20 83 3608
20 84 2410
20 85 2543
20 86 612
20 87 4774
20 88 98
20 89 867
20 90 2243
20 91 3150
20 92 3428
20 93 2641
20 94 899
20 95 3091
20 96 1656
20 97 4394
20 98 1933
20 99 3991
20 100 436
21 22 2671
21 23 1935
21 24 1648
21 25 3396
21 26 1311
21 27 1853
21 28 2570
21 29 3000
21 30 3779
21 31 108
21 32 3310
21 33 3668
21 34 3250
21 35 3885
21 36 3011
21 37 705
21 38 912
21 39 2065
21 40 2065
21 41 386
21 42 2821
21 43 248
21 44 1112
21 45 4665
21 46 1233
21 47 3308
21 48 2299
21 49 3944
21 50 4248
21 51 2829
21 52 2190
21 53 52
21 54 3751
21 55 2882
21 56 3379
21 57 981
21 58 75
21 59 4242
21 60 166
21 61 4178
21 62 2326
21 63 3122
21 64 755
21 65 1
21 66 200
21 67 1738
21 68 54
21 69 4182
21 70 640
21 71 3737
21 72 1592
21 73 4215
21 74 4462
21 75 435
21 76 4361
21 77 2573
21 78 3249
21 79 1353
21 80 3598
21 81 3259
21 82 2002
21 83 4479
21 84 4490
21 85 1916
21 86 4475
21 87 3712
21 88 1066
21 89 3372
21 90 4362
21 91 2769
21 92 3555
21 93 4950
21 94 41
21 95 1444
21 96 727
21 97 143
21 98 2646
21 99 3196
21 100 4136
22 23 2631
22 24 3398
22 25 3444
22 26 179
22 27 85
22 28 1174
22 29 3738
22 30 2218
22 31 1003
22 32 3886
22 33 2219
22 34 1847
22 35 178
22 36 2039
22 37 2978
22 38 3863
22 39 474
22 40 4859
22 41 3986
22 42 3548
22 43 308
22 44 786
22 45 2242
22 46 922
22 47 3123
22 48 1041
22 49 1464
22 50 405
22 51 4216
22 52 4564
22 53 3849
22 54 4289
22 55 3537
22 56 4090
22 57 1246
22 58 4761
22 59 1841
22 60 707
22 61 3597
22 62 4192
22 63 4453
22 64 3559
22 65 2054
22 66 4018
22 67 2624
22 68 4748
22 69 1306
22 70 1818
22 71 4972
22 72 3593
22 73 1083
22 74 3366
22 75 4430
22 76 3129
22 77 3662
22 78 4540
22 79 2175
22 80 3793
22 81 1219
22 82 2752
22 83 2664
22 84 4770
22 85 109
22 86 2502
22 87 4874
22 88 1019
22 89 2511
22 90 3265
22 91 3877
22 92 2947
22 93 149
22 94 4288
22 95 1692
22 96 697
22 97 268
22 98 1814
22 99 786
22 100 1616
23 24 3280
23 25 2463
23 26 4156
23 27 746
23 28 2177
23 29 2920
23 30 4448
23 31 1474
23 32 142
23 33 3079
23 34 3241
23 35 3092
23 36 37
23 37 734
23 38 1530
23 39 4111
23 40 2114
23 41 2346
23 42 2140
23 43 3270
23 44 4218
23 45 2503
23 46 1230
23 47 3503
23 48 1946
23 49 3998
23 50 3450
23 51 4535
23 52 3487
23 53 3961
23 54 4097
23 55 873
23 56 3963
23 57 950
23 58 3821
23 59 676
23 60 182
23 61 998
23 62 1631
23 63 4641
23 64 4761
23 65 2496
23 66 1672
23 67 877
23 68 4044
23 69 3613
23 70 3072
23 71 816
23 72 3874
23 73 987
23 74 1870
23 75 1379
23 76 3004
23 77 4671
23 78 1013
23 79 648
23 80 3524
23 81 3684
23 82 1285
23 83 3493
23 84 176
23 85 686
23 86 1313
23 87 754
23 88 1176
23 89 420
23 90 1488
23 91 182
23 92 2480
23 93 2358
23 94 4152
23 95 4838
23 96 633
23 97 114
23 98 3347
23 99 1878
23 100 4130
24 25 3755
24 26 3258
24 27 1776
24 28 1466
24 29 3388
24 30 1380
24 31 570
24 32 2610
24 33 3810
24 34 265
24 35 4021
24 36 2844
24 37 2364
24 38 3168
24 39 148
24 40 1168
24 41 2467
24 42 3312
24 43 4404
24 44 3732
24 45 3030
24 46 4852
24 47 1658
24 48 905
24 49 2815
24 50 2664
24 51 1056
24 52 1327
24 53 94
24 54 1505
24 55 828
24 56 1097
24 57 2970
24 58 515
24 59 420
24 60 2854
24 61 1474
24 62 3478
24 63 2861
24 64 3184
24 65 1802
24 66 417
24 67 564
24 68 60
24 69 676
24 70 3970
24 71 2662
24 72 1624
24 73 3167
24 74 2757
24 75 4146
24 76 3243
24 77 635
24 78 4455
24 79 4479
24 80 2734
24 81 1062
24 82 495
24 83 1977
24 84 73
24 85 3676
24 86 810
24 87 260
24 88 2179
24 89 2085
24 90 1511
24 91 3344
24 92 2281
24 93 1927
24 94 147
24 95 2896
24 96 926
24 97 1709
24 98 1877
24 99 1994
24 100 3966
25 26 2317
25 27 2708
25 28 2856
25 29 2657
25 30 3110
25 31 353
25 32 1197
25 33 2579
25 34 4037
25 35 3011
25 36 4933
25 37 1364
25 38 1229
25 39 657
25 40 3031
25 41 4403
25 42 1481
25 43 140
25 44 1106
25 45 6
25 46 4007
25 47 2799
25 48 4513
25 49 508
25 50 466
25 51 4008
25 52 3578
25 53 3844
25 54 316
25 55 1007
25 56 4830
25 57 881
25 58 4871
25 59 1141
25 60 2009
25 61 4926
25 62 3266
25 63 2522
25 64 504
25 65 4665
25 66 2851
25 67 30
25 68 2919
25 69 2625
25 70 2212
25 71 445
25 72 1013
25 73 1983
25 74 36
25 75 404
25 76 1770
25 77 1063
25 78 1381
25 79 3369
25 80 2887
25 81 1395
25 82 4741
25 83 735
25 84 4406
25 85 1220
25 86 59
25 87 210
25 88 4447
25 89 2615
25 90 4574
25 91 4535
25 92 1686
25 93 3617
25 94 1221
25 95 1983
25 96 2293
25 97 2552
25 98 3634
25 99 3178
25 100 3982
26 27 4373
26 28 1660
26 29 4786
26 30 2853
26 31 4951
26 32 3292
26 33 2076
26 34 4586
26 35 3606
26 36 4361
26 37 3325
26 38 4328
26 39 1313
26 40 3541
26 41 2946
26 42 4384
26 43 3587
26 44 142
26 45 322
26 46 396
26 47 853
26 48 3895
26 49 4096
26 50 4185
26 51 3836
26 52 563
26 53 4152
26 54 1412
26 55 3059
26 56 4089
26 57 1517
26 58 4266
26 59 4940
26 60 2631
26 61 2196
26 62 797
26 63 4931
26 64 847
26 65 4023
26 66 978
26 67 951
26 68 1656
26 69 1640
26 70 4668
26 71 1523
26 72 1584
26 73 287
26 74 4044
26 75 2858
26 76 3124
26 77 1568
26 78 1904
26 79 4383
26 80 1901
26 81 1786
26 82 4772
26 83 1098
26 84 1065
26 85 3137
26 86 11
26 87 3945
26 88 4600
26 89 3159
26 90 2052
26 91 169
26 92 2424
26 93 3600
26 94 2559
26 95 1610
26 96 1894
26 97 2029
26 98 341
26 99 3459
26 100 3595
27 28 3172
27 29 2633
27 30 2865
27 31 4093
27 32 1293
27 33 3331
27 34 703
27 35 787
27 36 3501
27 37 518
27 38 35
27 39 4111
27 40 2369
27 41 2853
27 42 806
27 43 1397
27 44 643
27 45 1436
27 46 2825
27 47 1269
27 48 4832
27 49 554
27 50 2271
27 51 4261
27 52 2925
27 53 4232
27 54 1092
27 55 470
27 56 4627
27 57 1246
27 58 3268
27 59 1408
27 60 2088
27 61 2371
27 62 2270
27 63 769
27 64 3999
27 65 260
27 66 1739
27 67 2438
27 68 1814
27 69 4197
27 70 2983
27 71 4514
27 72 969
27 73 1289
27 74 1494
27 75 3579
27 76 2393
27 77 2551
27 78 2990
27 79 2060
27 80 441
27 81 2784
27 82 3595
27 83 4376
27 84 2002
27 85 1634
27 86 127
27 87 2438
27 88 4646
27 89 2857
27 90 2952
27 91 4970
27 92 1241
27 93 3367
27 94 3443
27 95 1070
27 96 1443
27 97 3318
27 98 839
27 99 4853
27 100 3518
28 29 3436
28 30 4503
28 31 4961
28 32 4940
28 33 1432
28 34 197
28 35 3726
28 36 4799
28 37 4656
28 38 4449
28 39 3428
28 40 2029
28 41 4342
28 42 889
28 43 2236
28 44 2840
28 45 4605
28 46 773
28 47 1997
28 48 2152
28 49 4121
28 50 151
28 51 3956
28 52 4951
28 53 4829
28 54 1666
28 55 3668
28 56 3600
28 57 2375
28 58 3364
28 59 3888
28 60 2333
28 61 4786
28 62 4292
28 63 3926
28 64 2220
28 65 4323
28 66 2194
28 67 734
28 68 2389
28 69 3745
28 70 1786
28 71 4120
28 72 2971
28 73 4606
28 74 725
28 75 3495
28 76 994
28 77 3381
28 78 3853
28 79 4132
28 80 354
28 81 1502
28 82 4580
28 83 3153
28 84 1156
28 85 4198
28 86 2221
28 87 4813
28 88 2658
28 89 4550
28 90 1679
28 91 4048
28 92 4659
28 93 4182
28 94 2036
28 95 4517
28 96 1385
28 97 2484
28 98 4826
28 99 4342
28 100 3386
29 30 3618
29 31 1086
29 32 1819
29 33 4426
29 34 3386
29 35 3758
29 36 4522
29 37 3300
29 38 3568
29 39 933
29 40 2920
29 41 1597
29 42 1567
29 43 563
29 44 1529
29 45 57
29 46 3350
29 47 2190
29 48 4573
29 49 1503
29 50 3354
29 51 227
29 52 4637
29 53 1770
29 54 4792
29 55 2223
29 56 3555
29 57 1441
29 58 1618
29 59 3913
29 60 920
29 61 89
29 62 4081
29 63 2097
29 64 2496
29 65 3393
29 66 4633
29 67 3793
29 68 3205
29 69 692
29 70 2715
29 71 1415
29 72 3837
29 73 1670
29 74 3728
29 75 3267
29 76 550
29 77 246
29 78 1455
29 79 3450
29 80 2602
29 81 251
29 82 4543
29 83 3121
29 84 1104
29 85 2094
29 86 4408
29 87 4434
29 88 302
29 89 1215
29 90 2622
29 91 556
29 92 3518
29 93 396
29 94 958
29 95 2019
29 96 307
29 97 1473
29 98 3656
29 99 3847
29 100 4618
30 31 955
30 32 4556
30 33 3071
30 34 3324
30 35 3488
30 36 4428
30 37 1790
30 38 1701
30 39 3917
30 40 209
30 41 1383
30 42 4
30 43 3769
30 44 3594
30 45 684
30 46 2934
30 47 3988
30 48 4390
30 49 2537
30 50 1091
30 51 4657
30 52 3620
30 53 488
30 54 1815
30 55 3695
30 56 164
30 57 1957
30 58 1905
30 59 978
30 60 3930
30 61 3151
30 62 902
30 63 2217
30 64 2175
30 65 3803
30 66 4854
30 67 2662
30 68 1805
30 69 3833
30 70 956
30 71 1176
30 72 770
30 73 3125
30 74 46
30 75 3117
30 76 186
30 77 3941
30 78 3061
30 79 3110
30 80 92
30 81 2013
30 82 1753
30 83 4498
30 84 3125
30 85 3445
30 86 1351
30 87 3674
30 88 4756
30 89 2377
30 90 3274
30 91 609
30 92 3509
30 93 1410
30 94 746
30 95 798
30 96 1501
30 97 4887
30 98 3742
30 99 376
30 100 1812
31 32 363
31 33 1678
31 34 194
31 35 2413
31 36 2599
31 37 3110
31 38 642
31 39 994
31 40 1700
31 41 4753
31 42 2667
31 43 4459
31 44 1433
31 45 2017
31 46 127
31 47 1992
31 48 528
31 49 4891
31 50 2671
31 51 4461
31 52 4848
31 53 1064
31 54 691
31 55 25
31 56 2641
31 57 549
31 58 2052
31 59 363
31 60 875
31 61 292
31 62 4073
31 63 2718
31 64 4138
31 65 4093
31 66 889
31 67 3360
31 68 23
31 69 2823
31 70 2165
31 71 2593
31 72 4380
31 73 4698
31 74 1949
31 75 4384
31 76 4421
31 77 3241
31 78 1588
31 79 2171
31 80 750
31 81 407
31 82 4682
31 83 3304
31 84 1539
31 85 2744
31 86 2714
31 87 372
31 88 4726
31 89 556
31 90 4528
31 91 3253
31 92 4183
31 93 775
31 94 587
31 95 108
31 96 4892
31 97 1625
31 98 3043
31 99 3701
31 100 1594
32 33 683
32 34 4532
32 35 3437
32 36 3365
32 37 259
32 38 4739
32 39 3732
32 40 2243
32 41 251
32 42 4936
32 43 589
32 44 852
32 45 2198
32 46 3044
32 47 3157
32 48 4977
32 49 2354
32 50 648
32 51 1297
32 52 1779
32 53 3311
32 54 785
32 55 1997
32 56 580
32 57 4727
32 58 420
32 59 4483
32 60 1995
32 61 1836
32 62 2366
32 63 1499
32 64 3449
32 65 4590
32 66 3031
32 67 4775
32 68 2349
32 69 4833
32 70 3237
32 71 3344
32 72 2141
32 73 466
32 74 3245
32 75 2275
32 76 1429
32 77 3130
32 78 516
32 79 1692
32 80 4872
32 81 2386
32 82 2020
32 83 2713
32 84 2772
32 85 3364
32 86 1704
32 87 2328
32 88 2653
32 89 1159
32 90 724
32 91 2843
32 92 4103
32 93 2957
32 94 4061
32 95 4006
32 96 3808
32 97 2035
32 98 2127
32 99 716
32 100 861
33 34 306
33 35 4992
33 36 1264
33 37 3330
33 38 2932
33 39 3223
33 40 3635
33 41 1973
33 42 3303
33 43 2115
33 44 2642
33 45 1570
33 46 4356
33 47 3461
33 48 3308
33 49 3997
33 50 4143
33 51 1210
33 52 794
33 53 1058
33 54 4892
33 55 3089
33 56 3611
33 57 1302
33 58 2559
33 59 1538
33 60 2668
33 61 478
33 62 3733
33 63 3591
33 64 1290
33 65 841
33 66 2207
33 67 2134
33 68 211
33 69 2348
33 70 4778
33 71 4848
33 72 4206
33 73 3147
33 74 3105
33 75 4666
33 76 485
33 77 4305
33 78 1394
33 79 1861
33 80 3389
33 81 513
33 82 801
33 83 240
33 84 969
33 85 4833
33 86 3661
33 87 2800
33 88 3229
33 89 1341
33 90 1574
33 91 958
33 92 792
33 93 3948
33 94 3648
33 95 1380
33 96 1765
33 97 178
33 98 2862
33 99 1759
33 100 374
34 35 79
34 36 3561
34 37 1931
34 38 4971
34 39 2114
34 40 2579
34 41 1768
34 42 1510
34 43 139
34 44 1090
34 45 563
34 46 1740
34 47 4717
34 48 334
34 49 2178
34 50 3381
34 51 2777
34 52 600
34 53 831
34 54 352
34 55 3709
34 56 1084
34 57 671
34 58 3647
34 59 709
34 60 4463
34 61 3941
34 62 2051
34 63 2352
34 64 162
34 65 951
34 66 1525
34 67 3981
34 68 1931
34 69 1051
34 70 3986
34 71 21
34 72 2469
34 73 1328
34 74 2880
34 75 3773
34 76 3552
34 77 2694
34 78 1928
34 79 223
34 80 1554
34 81 4427
34 82 3008
34 83 3116
34 84 1971
34 85 2297
34 86 109
34 87 3886
34 88 4411
34 89 3179
34 90 4402
34 91 633
34 92 2623
34 93 4257
34 94 619
34 95 4312
34 96 1601
34 97 505
34 98 1752
34 99 4244
34 100 4579
35 36 1803
35 37 4658
35 38 1831
35 39 1798
35 40 1366
35 41 468
35 42 678
35 43 2711
35 44 2737
35 45 2158
35 46 1991
35 47 3040
35 48 28
35 49 2064
35 50 44
35 51 1858
35 52 305
35 53 4170
35 54 3903
35 55 3264
35 56 579
35 57 3635
35 58 1154
35 59 2338
35 60 3015
35 61 736
35 62 359
35 63 4597
35 64 474
35 65 133
35 66 1936
35 67 92
35 68 3032
35 69 4403
35 70 4436
35 71 2173
35 72 3780
35 73 2848
35 74 222
35 75 3805
35 76 3006
35 77 453
35 78 867
35 79 660
35 80 975
35 81 675
35 82 1699
35 83 4604
35 84 3108
35 85 3120
35 86 1266
35 87 441
35 88 2707
35 89 3694
35 90 2255
35 91 3218
35 92 3828
35 93 4815
35 94 594
35 95 104
35 96 3600
35 97 139
35 98 1802
35 99 1273
35 100 2958
36 37 2484
36 38 1836
36 39 3824
36 40 1522
36 41 4700
36 42 1660
36 43 98
36 44 756
36 45 4363
36 46 621
36 47 4439
36 48 2333
36 49 4274
36 50 2264
36 51 4585
36 52 382
36 53 1702
36 54 254
36 55 2892
36 56 586
36 57 2315
36 58 2130
36 59 4803
36 60 650
36 61 3750
36 62 1326
36 63 4767
36 64 1640
36 65 249
36 66 2678
36 67 4060
36 68 1508
36 69 3565
36 70 2462
36 71 1836
36 72 1434
36 73 4310
36 74 296
36 75 2105
36 76 4124
36 77 3333
36 78 3970
36 79 4200
36 80 1758
36 81 2677
36 82 1513
36 83 202
36 84 3839
36 85 1334
36 86 727
36 87 129
36 88 4687
36 89 16
36 90 848
36 91 4258
36 92 620
36 93 1760
36 94 3753
36 95 3765
36 96 237
36 97 1601
36 98 4646
36 99 218
36 100 1852
37 38 872
37 39 4817
37 40 2776
37 41 3599
37 42 4096
37 43 2328
37 44 4388
37 45 1164
37 46 1342
37 47 4804
37 48 1646
37 49 1554
37 50 3639
37 51 1768
37 52 1086
37 53 4574
37 54 2938
37 55 1995
37 56 2536
37 57 472
37 58 2421
37 59 1723
37 60 4259
37 61 4214
37 62 1941
37 63 3233
37 64 3787
37 65 2394
37 66 3865
37 67 3856
37 68 4871
37 69 3292
37 70 4213
37 71 335
37 72 1390
37 73 2632
37 74 450
37 75 4475
37 76 860
37 77 3783
37 78 273
37 79 121
37 80 1514
37 81 2681
37 82 2236
37 83 1068
37 84 2916
37 85 35
37 86 1787
37 87 4302
37 88 3586
37 89 2872
37 90 3755
37 91 439
37 92 2231
37 93 686
37 94 4545
37 95 1680
37 96 4525
37 97 4534
37 98 4788
37 99 1377
37 100 4409
38 39 1754
38 40 1942
38 41 761
38 42 1559
38 43 669
38 44 4642
38 45 2374
38 46 4414
38 47 1192
38 48 2518
38 49 2502
38 50 2137
38 51 2605
38 52 4193
38 53 2962
38 54 777
38 55 3089
38 56 2226
38 57 3742
38 58 1006
38 59 674
38 60 4968
38 61 3595
38 62 3275
38 63 4508
38 64 2397
38 65 3282
38 66 2224
38 67 4332
38 68 260
38 69 3462
38 70 4730
38 71 3165
38 72 902
38 73 253
38 74 3882
38 75 936
38 76 4008
38 77 2892
38 78 2778
38 79 708
38 80 2699
38 81 913
38 82 762
38 83 1982
38 84 3260
38 85 2439
38 86 1563
38 87 2796
38 88 4482
38 89 3100
38 90 3428
38 91 2821
38 92 2091
38 93 359
38 94 189
38 95 3252
38 96 1791
38 97 1935
38 98 3372
38 99 2531
38 100 3095
39 40 3735
39 41 909
39 42 4211
39 43 4939
39 44 3083
39 45 3661
39 46 1910
39 47 3136
39 48 2303
39 49 1062
39 50 2151
39 51 3923
39 52 2352
39 53 4176
39 54 873
39 55 727
39 56 4810
39 57 961
39 58 3086
39 59 3397
39 60 1268
39 61 111
39 62 1028
39 63 1783
39 64 3057
39 65 4580
39 66 2469
39 67 617
39 68 2127
39 69 4577
39 70 925
39 71 3416
39 72 437
39 73 1325
39 74 298
39 75 1688
39 76 4759
39 77 3034
39 78 1360
39 79 1351
39 80 939
39 81 1975
39 82 508
39 83 946
39 84 3813
39 85 1612
39 86 4131
39 87 2657
39 88 1499
39 89 2615
39 90 561
39 91 1647
39 92 181
39 93 1847
39 94 2859
39 95 4110
39 96 1296
39 97 3963
39 98 4826
39 99 1354
39 100 66
40 41 497
40 42 2144
40 43 2454
40 44 403
40 45 1071
40 46 3384
40 47 3262
40 48 4135
40 49 662
40 50 4454
40 51 184
40 52 862
40 53 1746
40 54 1561
40 55 3181
40 56 1023
40 57 1041
40 58 2954
40 59 760
40 60 4483
40 61 4596
40 62 912
40 63 849
40 64 3236
40 65 4987
40 66 2099
40 67 1273
40 68 1612
40 69 4783
40 70 2684
40 71 459
40 72 4169
40 73 2885
40 74 1504
40 75 4309
40 76 2664
40 77 622
40 78 2116
40 79 3376
40 80 2160
40 81 4327
40 82 3497
40 83 2138
40 84 4200
40 85 4160
40 86 425
40 87 2648
40 88 797
40 89 1245
40 90 2974
40 91 1336
40 92 181
40 93 1737
40 94 866
40 95 3721
40 96 4290
40 97 3775
40 98 4070
40 99 4984
40 100 798
41 42 913
41 43 1791
41 44 1152
41 45 1498
41 46 598
41 47 1117
41 48 1872
41 49 4903
41 50 986
41 51 4216
41 52 3001
41 53 4929
41 54 3061
41 55 1214
41 56 3997
41 57 4004
41 58 2424
41 59 4464
41 60 1093
41 61 2745
41 62 4163
41 63 2747
41 64 4320
41 65 1754
41 66 704
41 67 2193
41 68 4526
41 69 2547
41 70 4933
41 71 2391
41 72 4632
41 73 4605
41 74 2855
41 75 3833
41 76 384
41 77 1015
41 78 3638
41 79 1264
41 80 2828
41 81 1153
41 82 446
41 83 1763
41 84 4828
41 85 3964
41 86 1741
41 87 4377
41 88 2904
41 89 205
41 90 3586
41 91 2722
41 92 2574
41 93 4293
41 94 2756
41 95 3494
41 96 1915
41 97 4156
41 98 2233
41 99 1000
41 100 4921
42 43 4210
42 44 1723
42 45 2408
42 46 1359
42 47 4172
42 48 3342
42 49 1177
42 50 1500
42 51 2576
42 52 4347
42 53 3037
42 54 1561
42 55 4183
42 56 182
42 57 2439
42 58 3665
42 59 722
42 60 4627
42 61 331
42 62 628
42 63 4703
42 64 781
42 65 428
42 66 4785
42 67 2111
42 68 1703
42 69 3773
42 70 4277
42 71 1204
42 72 1402
42 73 3416
42 74 886
42 75 4635
42 76 2331
42 77 1284
42 78 343
42 79 3222
42 80 1122
42 81 4965
42 82 3320
42 83 1965
42 84 2491
42 85 608
42 86 1576
42 87 131
42 88 964
42 89 4475
42 90 428
42 91 2997
42 92 3560
42 93 3950
42 94 836
42 95 1849
42 96 4084
42 97 3736
42 98 4734
42 99 3156
42 100 1411
43 44 1775
43 45 3554
43 46 1651
43 47 1005
43 48 2368
43 49 1687
43 50 3165
43 51 701
43 52 2942
43 53 1603
43 54 3638
43 55 2889
43 56 3275
43 57 617
43 58 1061
43 59 2289
43 60 26
43 61 2275
43 62 1061
43 63 1183
43 64 1484
43 65 1507
43 66 504
43 67 2036
43 68 3461
43 69 2998
43 70 2481
43 71 2611
43 72 3611
43 73 538
43 74 421
43 75 1864
43 76 305
43 77 2852
43 78 299
43 79 62
43 80 115
43 81 3931
43 82 3284
43 83 4972
43 84 746
43 85 1528
43 86 3838
43 87 3978
43 88 784
43 89 299
43 90 4713
43 91 871
43 92 1696
43 93 2279
43 94 249
43 95 1407
43 96 1581
43 97 4537
43 98 4080
43 99 4974
43 100 2270
44 45 3459
44 46 1029
44 47 4725
44 48 4371
44 49 805
44 50 1871
44 51 223
44 52 533
44 53 344
44 54 1124
44 55 2446
44 56 3470
44 57 4736
44 58 1725
44 59 437
44 60 4094
44 61 4102
44 62 1405
44 63 672
44 64 375
44 65 2633
44 66 992
44 67 1351
44 68 3863
44 69 3553
44 70 2681
44 71 1778
44 72 1883
44 73 3199
44 74 91
44 75 3570
44 76 1100
44 77 3391
44 78 4701
44 79 831
44 80 3352
44 81 2019
44 82 1783
44 83 4442
44 84 4286
44 85 2374
44 86 2982
44 87 826
44 88 2691
44 89 2608
44 90 4917
44 91 551
44 92 3036
44 93 603
44 94 1696
44 95 3946
44 96 2712
44 97 3601
44 98 3526
44 99 3401
44 100 4759
45 46 2056
45 47 1208
45 48 2378
45 49 1593
45 50 4750
45 51 1059
45 52 4849
45 53 1567
45 54 4982
45 55 4486
45 56 1404
45 57 513
45 58 4821
45 59 1140
45 60 1347
45 61 1860
45 62 4811
45 63 274
45 64 1131
45 65 2882
45 66 2289
45 67 4464
45 68 135
45 69 2241
45 70 2237
45 71 2248
45 72 1011
45 73 1367
45 74 2566
45 75 1266
45 76 2200
45 77 3033
45 78 1227
45 79 2868
45 80 3391
45 81 758
45 82 1265
45 83 4175
45 84 3402
45 85 396
45 86 857
45 87 2153
45 88 1800
45 89 2101
45 90 2368
45 91 4192
45 92 3667
45 93 118
45 94 2151
45 95 3032
45 96 2702
45 97 4562
45 98 4475
45 99 2745
45 100 2906
46 47 309
46 48 58
46 49 2798
46 50 3993
46 51 2489
46 52 4723
46 53 1585
46 54 2096
46 55 2487
46 56 277
46 57 4568
46 58 1765
46 59 1434
46 60 1935
46 61 1608
46 62 955
46 63 1529
46 64 1133
46 65 3783
46 66 1788
46 67 1291
46 68 3312
46 69 2822
46 70 1296
46 71 1682
46 72 309
46 73 3733
46 74 1457
46 75 1876
46 76 3246
46 77 180
46 78 1683
46 79 4547
46 80 4535
46 81 2344
46 82 2916
46 83 2928
46 84 3427
46 85 1259
46 86 4541
46 87 1344
46 88 1170
46 89 4190
46 90 4142
46 91 3068
46 92 3185
46 93 2839
46 94 201
46 95 2871
46 96 4260
46 97 256
46 98 4443
46 99 944
46 100 2309
47 48 3635
47 49 4565
47 50 2652
47 51 4273
47 52 3905
47 53 699
47 54 4147
47 55 3690
47 56 4946
47 57 4587
47 58 4704
47 59 4050
47 60 3644
47 61 1141
47 62 3210
47 63 1585
47 64 2836
47 65 3714
47 66 728
47 67 2596
47 68 4322
47 69 1032
47 70 4222
47 71 4483
47 72 4641
47 73 1132
47 74 3106
47 75 3952
47 76 2313
47 77 3420
47 78 2222
47 79 2727
47 80 4777
47 81 3583
47 82 3579
47 83 3675
47 84 929
47 85 1103
47 86 1864
47 87 3216
47 88 2303
47 89 2783
47 90 3001
47 91 286
47 92 3293
47 93 693
47 94 4221
47 95 2574
47 96 1833
47 97 1444
47 98 1497
47 99 1962
47 100 1369
48 49 4816
48 50 4137
48 51 1647
48 52 3683
48 53 4096
48 54 4283
48 55 389
48 56 3886
48 57 1018
48 58 923
48 59 617
48 60 1056
48 61 2909
48 62 2325
48 63 3152
48 64 694
48 65 256
48 66 3245
48 67 3661
48 68 3428
48 69 899
48 70 3467
48 71 2788
48 72 1418
48 73 2278
48 74 1779
48 75 4914
48 76 873
48 77 2258
48 78 4402
48 79 4782
48 80 882
48 81 1610
48 82 3816
48 83 4334
48 84 1507
48 85 3861
48 86 1237
48 87 2748
48 88 745
48 89 2252
48 90 3501
48 91 3160
48 92 3056
48 93 4989
48 94 3903
48 95 3370
48 96 2304
48 97 3465
48 98 1034
48 99 685
48 100 3029
49 50 4283
49 51 4568
49 52 776
49 53 180
49 54 2681
49 55 3404
49 56 2468
49 57 2647
49 58 4139
49 59 2956
49 60 970
49 61 4854
49 62 3010
49 63 493
49 64 4924
49 65 4024
49 66 4382
49 67 970
49 68 996
49 69 1648
49 70 608
49 71 667
49 72 2276
49 73 4708
49 74 121
49 75 3482
49 76 1095
49 77 4018
49 78 2162
49 79 1642
49 80 3738
49 81 3087
49 82 2966
49 83 3082
49 84 778
49 85 4119
49 86 3957
49 87 4021
49 88 857
49 89 3521
49 90 1680
49 91 2739
49 92 4162
49 93 308
49 94 1816
49 95 3332
49 96 2473
49 97 141
49 98 874
49 99 3108
49 100 1480
50 51 4015
50 52 1688
50 53 4832
50 54 2561
50 55 3234
50 56 2127
50 57 3937
50 58 2439
50 59 3140
50 60 2385
50 61 3936
50 62 1454
50 63 25
50 64 1538
50 65 4568
50 66 3655
50 67 435
50 68 2817
50 69 1915
50 70 4979
50 71 154
50 72 1143
50 73 1058
50 74 3417
50 75 3822
50 76 3551
50 77 1984
50 78 2648
50 79 3842
50 80 53
50 81 203
50 82 1697
50 83 3479
50 84 4974
50 85 2423
50 86 2504
50 87 4890
50 88 2785
50 89 2711
50 90 4747
50 91 4882
50 92 1006
50 93 2949
50 94 4615
50 95 944
50 96 2289
50 97 4838
50 98 2406
50 99 4674
50 100 3543
51 52 719
51 53 2944
51 54 2346
51 55 2419
51 56 1377
51 57 3755
51 58 3851
51 59 3461
51 60 3317
51 61 744
51 62 4633
51 63 2751
51 64 2776
51 65 1856
51 66 1382
51 67 3751
51 68 1135
51 69 3645
51 70 4332
51 71 2602
51 72 1929
51 73 1429
51 74 1007
51 75 889
51 76 1133
51 77 4720
51 78 1320
51 79 591
51 80 91
51 81 3796
51 82 1507
51 83 715
51 84 574
51 85 311
51 86 1875
51 87 3278
51 88 767
51 89 3818
51 90 2128
51 91 960
51 92 3356
51 93 21
51 94 577
51 95 860
51 96 2659
51 97 876
51 98 55
51 99 2210
51 100 4437
52 53 3525
52 54 1664
52 55 503
52 56 3856
52 57 1795
52 58 4541
52 59 3396
52 60 3881
52 61 1199
52 62 3817
52 63 1280
52 64 2432
52 65 4217
52 66 1414
52 67 2583
52 68 3669
52 69 4037
52 70 3340
52 71 1543
52 72 615
52 73 9
52 74 3368
52 75 1495
52 76 2312
52 77 4807
52 78 3275
52 79 360
52 80 3192
52 81 4485
52 82 3656
52 83 4678
52 84 727
52 85 1742
52 86 1231
52 87 2789
52 88 3390
52 89 4782
52 90 3457
52 91 246
52 92 97
52 93 474
52 94 3310
52 95 4598
52 96 2642
52 97 4218
52 98 3262
52 99 4098
52 100 265
53 54 3708
53 55 1655
53 56 1479
53 57 2981
53 58 4436
53 59 410
53 60 5000
53 61 3005
53 62 2001
53 63 4566
53 64 4868
53 65 4411
53 66 997
53 67 4158
53 68 2150
53 69 2357
53 70 2759
53 71 3393
53 72 1675
53 73 2569
53 74 785
53 75 3703
53 76 4169
53 77 656
53 78 3097
53 79 4880
53 80 1786
53 81 796
53 82 4850
53 83 3386
53 84 3538
53 85 3912
53 86 3102
53 87 1465
53 88 246
53 89 3072
53 90 958
53 91 1729
53 92 4974
53 93 2681
53 94 4087
53 95 1952
53 96 3583
53 97 2046
53 98 678
53 99 79
53 100 2391
54 55 4334
54 56 2741
54 57 978
54 58 1215
54 59 1216
54 60 183
54 61 4978
54 62 3065
54 63 4619
54 64 2027
54 65 5000
54 66 4561
54 67 528
54 68 4129
54 69 3514
54 70 304
54 71 4930
54 72 752
54 73 3812
54 74 3877
54 75 786
54 76 3954
54 77 244
54 78 3389
54 79 1103
54 80 1491
54 81 906
54 82 1610
54 83 540
54 84 1251
54 85 974
54 86 743
54 87 4017
54 88 3630
54 89 1861
54 90 2720
54 91 436
54 92 795
54 93 290
54 94 3262
54 95 3487
54 96 4382
54 97 418
54 98 740
54 99 4101
54 100 4656
55 56 3520
55 57 705
55 58 4870
55 59 1245
55 60 1523
55 61 3895
55 62 4769
55 63 3019
55 64 2786
55 65 3119
55 66 1499
55 67 976
55 68 2777
55 69 925
55 70 4800
55 71 551
55 72 4503
55 73 4136
55 74 2740
55 75 41
55 76 1529
55 77 1124
55 78 385
55 79 2900
55 80 3764
55 81 2605
55 82 4192
55 83 2660
55 84 3696
55 85 464
55 86 1387
55 87 4216
55 88 4606
55 89 817
55 90 4782
55 91 1355
55 92 1267
55 93 603
55 94 4165
55 95 4915
55 96 2102
55 97 3785
55 98 1196
55 99 1183
55 100 2753
56 57 3064
56 58 2082
56 59 2640
56 60 1029
56 61 2827
56 62 1122
56 63 1464
56 64 336
56 65 4737
56 66 3014
56 67 754
56 68 4770
56 69 3273
56 70 4528
56 71 3045
56 72 1960
56 73 1282
56 74 3537
56 75 4890
56 76 4855
56 77 1685
56 78 3365
56 79 2279
56 80 368
56 81 4982
56 82 4611
56 83 3631
56 84 1935
56 85 2645
56 86 123
56 87 4898
56 88 4209
56 89 3610
56 90 2039
56 91 810
56 92 3167
56 93 1065
56 94 3743
56 95 612
56 96 458
56 97 5000
56 98 3004
56 99 2165
56 100 4277
57 58 2630
57 59 2942
57 60 1361
57 61 1151
57 62 2512
57 63 3235
57 64 1434
57 65 1089
57 66 3758
57 67 2460
57 68 3207
57 69 896
57 70 195
57 71 3131
57 72 3278
57 73 1463
57 74 998
57 75 4889
57 76 3059
57 77 4421
57 78 936
57 79 4664
57 80 1587
57 81 4319
57 82 2041
57 83 2925
57 84 1966
57 85 3537
57 86 3790
57 87 1639
57 88 3103
57 89 3143
57 90 1151
57 91 1972
57 92 549
57 93 4114
57 94 3051
57 95 3986
57 96 972
57 97 23
57 98 3700
57 99 1043
57 100 4854
58 59 3621
58 60 4872
58 61 329
58 62 1453
58 63 59
58 64 1007
58 65 4396
58 66 431
58 67 436
58 68 4107
58 69 1208
58 70 3878
58 71 3276
58 72 2075
58 73 3603
58 74 2779
58 75 2760
58 76 1142
58 77 1112
58 78 1013
58 79 3243
58 80 4965
58 81 2917
58 82 3433
58 83 4172
58 84 4033
58 85 1868
58 86 2698
58 87 2399
58 88 2442
58 89 382
58 90 3253
58 91 1401
58 92 2781
58 93 1617
58 94 242
58 95 1486
58 96 3418
58 97 710
58 98 4697
58 99 4427
58 100 1065
59 60 551
59 61 3817
59 62 3993
59 63 4478
59 64 2210
59 65 3495
59 66 69
59 67 4469
59 68 2969
59 69 4385
59 70 906
59 71 4544
59 72 1626
59 73 1627
59 74 402
59 75 3766
59 76 1033
59 77 3409
59 78 166
59 79 4133
59 80 3448
59 81 1588
59 82 3428
59 83 764
59 84 1122
59 85 2708
59 86 3710
59 87 2154
59 88 2924
59 89 1707
59 90 3582
59 91 979
59 92 1262
59 93 346
59 94 2655
59 95 3161
59 96 4049
59 97 127
59 98 2328
59 99 2227
59 100 4311
60 61 2959
60 62 4484
60 63 664
60 64 972
60 65 3659
60 66 2174
60 67 4201
60 68 3593
60 69 12
60 70 2154
60 71 4965
60 72 2364
60 73 654
60 74 4050
60 75 1699
60 76 3590
60 77 680
60 78 781
60 79 2118
60 80 1228
60 81 1828
60 82 901
60 83 1401
60 84 512
60 85 313
60 86 612
60 87 3882
60 88 3703
60 89 2205
60 90 1283
60 91 1321
60 92 2338
60 93 3749
60 94 38
60 95 1189
60 96 4329
60 97 2758
60 98 3763
60 99 1640
60 100 4950
61 62 1840
61 63 3114
61 64 3699
61 65 3864
61 66 3363
61 67 2867
61 68 4147
61 69 2167
61 70 2557
61 71 1842
61 72 1716
61 73 3278
61 74 3717
61 75 2817
61 76 52
61 77 1795
61 78 3308
61 79 4531
61 80 69
61 81 3356
61 82 4948
61 83 4997
61 84 2345
61 85 933
61 86 4477
61 87 2663
61 88 1458
61 89 3388
61 90 2380
61 91 2350
61 92 2243
61 93 1034
61 94 142
61 95 2015
61 96 3415
61 97 3054
61 98 699
61 99 933
61 100 715
62 63 4738
62 64 1197
62 65 472
62 66 3551
62 67 1275
62 68 2966
62 69 3339
62 70 1808
62 71 4647
62 72 4448
62 73 665
62 74 4249
62 75 495
62 76 3108
62 77 3734
62 78 4896
62 79 1823
62 80 138
62 81 2134
62 82 64
62 83 2089
62 84 2018
62 85 3887
62 86 2092
62 87 576
62 88 2076
62 89 4073
62 90 3874
62 91 832
62 92 3574
62 93 2462
62 94 174
62 95 2789
62 96 1754
62 97 3230
62 98 4141
62 99 4308
62 100 1296
63 64 363
63 65 2628
63 66 1844
63 67 2982
63 68 1035
63 69 4041
63 70 2701
63 71 11
63 72 3517
63 73 767
63 74 2293
63 75 3561
63 76 246
63 77 1000
63 78 4996
63 79 3693
63 80 2296
63 81 1909
63 82 2088
63 83 1481
63 84 4414
63 85 509
63 86 4250
63 87 2547
63 88 1958
63 89 1487
63 90 3011
63 91 3435
63 92 1109
63 93 135
63 94 123
63 95 2571
63 96 4292
63 97 2380
63 98 848
63 99 1073
63 100 4960
64 65 1380
64 66 4467
64 67 1382
64 68 3730
64 69 1925
64 70 431
64 71 4931
64 72 2898
64 73 1063
64 74 3713
64 75 4721
64 76 1263
64 77 2770
64 78 4150
64 79 214
64 80 3852
64 81 3084
64 82 558
64 83 1361
64 84 2167
64 85 889
64 86 12
64 87 3433
64 88 584
64 89 4207
64 90 1625
64 91 102
64 92 4437
64 93 4304
64 94 4825
64 95 4373
64 96 4308
64 97 2419
64 98 4545
64 99 3996
64 100 4750
65 66 4044
65 67 858
65 68 4345
65 69 1866
65 70 1358
65 71 4173
65 72 893
65 73 132
65 74 2977
65 75 2225
65 76 4603
65 77 2970
65 78 4811
65 79 2119
65 80 1466
65 81 560
65 82 538
65 83 2449
65 84 1479
65 85 1540
65 86 2911
65 87 706
65 88 234
65 89 2298
65 90 2243
65 91 649
65 92 2332
65 93 3626
65 94 3665
65 95 2304
65 96 816
65 97 4237
65 98 428
65 99 3535
65 100 1817
66 67 1701
66 68 77
66 69 2296
66 70 1556
66 71 2980
66 72 3002
66 73 239
66 74 2231
66 75 3873
66 76 3229
66 77 559
66 78 651
66 79 249
66 80 4191
66 81 1490
66 82 2322
66 83 4825
66 84 3589
66 85 3661
66 86 3036
66 87 4516
66 88 3067
66 89 1240
66 90 4396
66 91 2377
66 92 4679
66 93 3973
66 94 1207
66 95 1118
66 96 4050
66 97 4115
66 98 248
66 99 1053
66 100 981
67 68 1582
67 69 2003
67 70 4274
67 71 4093
67 72 2784
67 73 935
67 74 4193
67 75 2017
67 76 1632
67 77 960
67 78 2847
67 79 175
67 80 1110
67 81 1791
67 82 3257
67 83 3074
67 84 3511
67 85 2324
67 86 1036
67 87 3027
67 88 4023
67 89 837
67 90 270
67 91 1620
67 92 1302
67 93 203
67 94 4965
67 95 4488
67 96 1359
67 97 4917
67 98 2534
67 99 3224
67 100 4759
68 69 1823
68 70 3264
68 71 1865
68 72 4106
68 73 2305
68 74 58
68 75 2118
68 76 259
68 77 3363
68 78 2896
68 79 3273
68 80 259
68 81 3865
68 82 1587
68 83 3891
68 84 326
68 85 4534
68 86 4611
68 87 1858
68 88 3392
68 89 1910
68 90 1646
68 91 3557
68 92 74
68 93 3628
68 94 1298
68 95 3632
68 96 3092
68 97 1042
68 98 4057
68 99 404
68 100 136
69 70 1500
69 71 4556
69 72 2716
69 73 4443
69 74 2231
69 75 4577
69 76 2859
69 77 2691
69 78 2
69 79 77
69 80 375
69 81 111
69 82 3776
69 83 4334
69 84 1898
69 85 4930
69 86 2877
69 87 4264
69 88 1831
69 89 4939
69 90 1706
69 91 2225
69 92 2558
69 93 3575
69 94 2484
69 95 2523
69 96 3641
69 97 1798
69 98 779
69 99 1380
69 100 4824
70 71 1425
70 72 1737
70 73 1429
70 74 811
70 75 3139
70 76 1361
70 77 1666
70 78 3797
70 79 4811
70 80 3311
70 81 4008
70 82 337
70 83 3360
70 84 3006
70 85 1967
70 86 490
70 87 322
70 88 3508
70 89 3512
70 90 4823
70 91 4156
70 92 1468
70 93 4161
70 94 1762
70 95 2455
70 96 4057
70 97 3151
70 98 1247
70 99 2926
70 100 3544
71 72 3274
71 73 3195
71 74 2667
71 75 3123
71 76 2984
71 77 569
71 78 3103
71 79 4516
71 80 2732
71 81 2236
71 82 3293
71 83 1403
71 84 1084
71 85 3179
71 86 3898
71 87 3486
71 88 4290
71 89 840
71 90 4195
71 91 1044
71 92 1294
71 93 2175
71 94 4966
71 95 2760
71 96 924
71 97 4591
71 98 1939
71 99 1987
71 100 2388
72 73 5000
72 74 2268
72 75 2715
72 76 1469
72 77 553
72 78 3748
72 79 2586
72 80 3891
72 81 188
72 82 3051
72 83 4745
72 84 1882
72 85 4553
72 86 4143
72 87 4785
72 88 632
72 89 4738
72 90 4529
72 91 4075
72 92 1992
72 93 972
72 94 2066
72 95 1729
72 96 4369
72 97 87
72 98 4803
72 99 1326
72 100 1143
73 74 4966
73 75 4491
73 76 2294
73 77 3145
73 78 4303
73 79 326
73 80 1432
73 81 2517
73 82 1746
73 83 1953
73 84 3650
73 85 3067
73 86 947
73 87 3508
73 88 2648
73 89 1212
73 90 2570
73 91 506
73 92 3244
73 93 1897
73 94 2833
73 95 955
73 96 3464
73 97 3707
73 98 4275
73 99 3525
73 100 3295
74 75 1599
74 76 1001
74 77 3642
74 78 3363
74 79 3266
74 80 3121
74 81 4817
74 82 3435
74 83 615
74 84 1186
74 85 532
74 86 4921
74 87 1007
74 88 1373
74 89 254
74 90 198
74 91 4840
74 92 1661
74 93 3075
74 94 4733
74 95 2598
74 96 3563
74 97 3170
74 98 1959
74 99 528
74 100 3000
75 76 62
75 77 4873
75 78 2293
75 79 863
75 80 1398
75 81 3178
75 82 4774
75 83 2967
75 84 2305
75 85 3679
75 86 685
75 87 3481
75 88 1662
75 89 1224
75 90 2213
75 91 550
75 92 4790
75 93 1203
75 94 3469
75 95 1010
75 96 1712
75 97 2998
75 98 1208
75 99 1779
75 100 908
76 77 1880
76 78 47
76 79 4385
76 80 2094
76 81 2477
76 82 3869
76 83 2239
76 84 3353
76 85 912
76 86 3650
76 87 4164
76 88 113
76 89 322
76 90 1030
76 91 2193
76 92 337
76 93 3486
76 94 845
76 95 2299
76 96 678
76 97 4681
76 98 3699
76 99 201
76 100 1701
77 78 4387
77 79 1656
77 80 4696
77 81 926
77 82 2196
77 83 673
77 84 319
77 85 1172
77 86 3639
77 87 3871
77 88 3131
77 89 1849
77 90 2522
77 91 3413
77 92 2597
77 93 756
77 94 2299
77 95 3964
77 96 4002
77 97 2825
77 98 1884
77 99 4446
77 100 3612
78 79 3413
78 80 350
78 81 2714
78 82 178
78 83 1828
78 84 3897
78 85 2711
78 86 846
78 87 1512
78 88 1898
78 89 2468
78 90 876
78 91 2620
78 92 4017
78 93 3851
78 94 2199
78 95 2355
78 96 4156
78 97 2629
78 98 3519
78 99 3482
78 100 1274
79 80 2376
79 81 117
79 82 1360
79 83 2953
79 84 1993
79 85 1773
79 86 585
79 87 1736
79 88 3351
79 89 4577
79 90 2243
79 91 331
79 92 4398
79 93 4842
79 94 4765
79 95 1595
79 96 3099
79 97 1174
79 98 1897
79 99 992
79 100 829
80 81 2582
80 82 4617
80 83 1690
80 84 4068
80 85 4141
80 86 3676
80 87 2000
80 88 4960
80 89 4907
80 90 4989
80 91 4630
80 92 4023
80 93 2225
80 94 1560
80 95 544
80 96 2602
80 97 2340
80 98 4024
80 99 4703
80 100 842
81 82 16
81 83 3047
81 84 205
81 85 2767
81 86 3508
81 87 4292
81 88 4707
81 89 3172
81 90 4227
81 91 4525
81 92 398
81 93 2424
81 94 259
81 95 1755
81 96 4095
81 97 3382
81 98 1641
81 99 4644
81 100 2520
82 83 1828
82 84 1478
82 85 1995
82 86 914
82 87 2778
82 88 1038
82 89 3138
82 90 2465
82 91 781
82 92 4862
82 93 4859
82 94 1975
82 95 4802
82 96 979
82 97 4059
82 98 88
82 99 2680
82 100 2124
83 84 2768
83 85 2143
83 86 2133
83 87 1663
83 88 3544
83 89 2703
83 90 3980
83 91 270
83 92 289
83 93 1611
83 94 4025
83 95 2753
83 96 4627
83 97 4463
83 98 3279
83 99 4139
83 100 2329
84 85 3701
84 86 4420
84 87 3364
84 88 2362
84 89 4070
84 90 1957
84 91 1901
84 92 2175
84 93 2253
84 94 2799
84 95 3258
84 96 890
84 97 310
84 98 1451
84 99 1479
84 100 2897
85 86 3041
85 87 873
85 88 310
85 89 66
85 90 3286
85 91 1775
85 92 1758
85 93 4413
85 94 1759
85 95 1785
85 96 4711
85 97 2191
85 98 1347
85 99 4038
85 100 2471
86 87 313
86 88 629
86 89 3402
86 90 360
86 91 3938
86 92 3480
86 93 1005
86 94 3063
86 95 3116
86 96 2617
86 97 4115
86 98 798
86 99 2758
86 100 3689
87 88 766
87 89 1187
87 90 2110
87 91 93
87 92 2468
87 93 4909
87 94 696
87 95 575
87 96 4438
87 97 3988
87 98 1607
87 99 4586
87 100 1221
88 89 4520
88 90 933
88 91 3044
88 92 1146
88 93 1545
88 94 1585
88 95 436
88 96 2289
88 97 1020
88 98 4305
88 99 4744
88 100 471
89 90 2075
89 91 4201
89 92 1077
89 93 2502
89 94 1276
89 95 1390
89 96 758
89 97 2572
89 98 1524
89 99 2088
89 100 622
90 91 2104
90 92 4087
90 93 4201
90 94 105
90 95 660
90 96 3362
90 97 1409
90 98 1544
90 99 102
90 100 4500
91 92 1504
91 93 4526
91 94 2473
91 95 1923
91 96 2251
91 97 2214
91 98 1395
91 99 3695
91 100 709
92 93 4556
92 94 4090
92 95 4879
92 96 4779
92 97 2166
92 98 3691
92 99 4490
92 100 1730
93 94 3061
93 95 4535
93 96 2153
93 97 3371
93 98 2836
93 99 4182
93 100 3931
94 95 3111
94 96 1844
94 97 1584
94 98 2512
94 99 2818
94 100 4027
95 96 491
95 97 2848
95 98 1749
95 99 3256
95 100 3350
96 97 856
96 98 2032
96 99 1278
96 100 76
97 98 4176
97 99 3926
97 100 2648
98 99 3466
98 100 4234
99 100 3509