25
11003.611100 42102.500000
11108.611100 42373.888900
11133.333300 42885.833300
11155.833300 42712.500000
11183.333300 42933.333300
11297.500000 42853.333300
11310.277800 42929.444400
11416.666700 42983.333300
11423.888900 43000.277800
11438.333300 42057.222200
11461.111100 43252.777800
11485.555600 43187.222200
11503.055600 42855.277800
11511.388900 42106.388900
11522.222200 42841.944400
11569.444400 43136.666700
11583.333300 43150.000000
11595.000000 43148.055600
11600.000000 43150.000000
11690.555600 42686.666700
11715.833300 41836.111100
11751.111100 42814.444400
11770.277800 42651.944400
11785.277800 42884.444400
11822.777800 42673.611100